# redshift; lookback time [Gyr]; sfrd [Msun yr^-1 Mpc-3] from Behroozi+19, interpolated & extrapolated to cover [z=1e-8, z=35]
1.000000000000000021e-08 1.410548492051279652e+02 1.193494661286486139e-02
5.999999999999999778e-02 8.112741864768534899e+08 1.263755040109705227e-02
1.199999999999999956e-01 1.557102203868118286e+09 1.392728886840220726e-02
1.799999999999999933e-01 2.243809848856364250e+09 1.564292478520986490e-02
2.399999999999999911e-01 2.876964828322405815e+09 1.765207666828923216e-02
2.999999999999999889e-01 3.461507961372695923e+09 1.987912226239903213e-02
3.599999999999999867e-01 4.001851241638014793e+09 2.229168332826417590e-02
4.199999999999999845e-01 4.501952704015921593e+09 2.487733860607543174e-02
4.799999999999999822e-01 4.965374992987153053e+09 2.762808353790876387e-02
5.400000000000000355e-01 5.395332399591747284e+09 3.053178182904907681e-02
5.999999999999999778e-01 5.794729641715249062e+09 3.356716753257296681e-02
6.599999999999999201e-01 6.166194621432714462e+09 3.670281723682584929e-02
7.199999999999999734e-01 6.512106674164171219e+09 3.990000385608642036e-02
7.800000000000000266e-01 6.834621334239222527e+09 4.311587370304586359e-02
8.399999999999999689e-01 7.135692312382609367e+09 4.630412592952687367e-02
8.999999999999999112e-01 7.417091163251782417e+09 4.941484668537550473e-02
9.599999999999999645e-01 7.680424979852748871e+09 5.239639344368429014e-02
1.020000000000000018e+00 7.927152361108431816e+09 5.519946401746095993e-02
1.080000000000000071e+00 8.158597841398835182e+09 5.778084590702340512e-02
1.139999999999999902e+00 8.375964934487644196e+09 6.010388804397823886e-02
1.199999999999999956e+00 8.580347920869254112e+09 6.213634326265790597e-02
1.260000000000000009e+00 8.772742492002471924e+09 6.385159305320570189e-02
1.319999999999999840e+00 8.954055353857219696e+09 6.523609397681361111e-02
1.379999999999999893e+00 9.125112883687217712e+09 6.629433652623728523e-02
1.439999999999999947e+00 9.286668926787101746e+09 6.704175675501020115e-02
1.500000000000000000e+00 9.439411813553792953e+09 6.749302730350920099e-02
1.560000000000000053e+00 9.583970671124351501e+09 6.766126874407812908e-02
1.619999999999999885e+00 9.720921098066802979e+09 6.756686493999167209e-02
1.679999999999999938e+00 9.850790265016170502e+09 6.723965083406582832e-02
1.739999999999999991e+00 9.974061498784755707e+09 6.670904086256257415e-02
1.799999999999999822e+00 1.009117840236095619e+10 6.599451046660764764e-02
1.859999999999999876e+00 1.020254855837451363e+10 6.510746239947770575e-02
1.919999999999999929e+00 1.030854685907291222e+10 6.406163036397409527e-02
1.979999999999999982e+00 1.040951850163852310e+10 6.288114810414920097e-02
2.040000000000000036e+00 1.050578168378620148e+10 6.159972780356806621e-02
2.100000000000000089e+00 1.059763003101389694e+10 6.025393343347881792e-02
2.160000000000000142e+00 1.068533478362651634e+10 5.887691584440686576e-02
2.219999999999999751e+00 1.076914676870197296e+10 5.749418448919954572e-02
2.279999999999999805e+00 1.084929817950140953e+10 5.611989963751207178e-02
2.339999999999999858e+00 1.092600418242366409e+10 5.475597497529145763e-02
2.399999999999999911e+00 1.099946436944738197e+10 5.339832647410142769e-02
2.459999999999999964e+00 1.106986407207201767e+10 5.204726627727234572e-02
2.520000000000000018e+00 1.113737555104164696e+10 5.071152499756186038e-02
2.580000000000000071e+00 1.120215907459350014e+10 4.940223026830799224e-02
2.639999999999999680e+00 1.126436389659832001e+10 4.812638670601410151e-02
2.699999999999999734e+00 1.132412914473521423e+10 4.688870857894452543e-02
2.759999999999999787e+00 1.138158462775387573e+10 4.569695062685616427e-02
2.819999999999999840e+00 1.143685156990727043e+10 4.456101357372867916e-02
2.879999999999999893e+00 1.149004327977585220e+10 4.348623017760915033e-02
2.939999999999999947e+00 1.154126575993733978e+10 4.246815005473969507e-02
3.000000000000000000e+00 1.159061826325444794e+10 4.149302580404837237e-02
3.060000000000000053e+00 1.163819380094635010e+10 4.054389880551932668e-02
3.120000000000000107e+00 1.168407960707031631e+10 3.960929062375941057e-02
3.179999999999999716e+00 1.172835756355995941e+10 3.868786576253097770e-02
3.239999999999999769e+00 1.177110458953895950e+10 3.778456524574692194e-02
3.299999999999999822e+00 1.181239299824878883e+10 3.690329174760384467e-02
3.359999999999999876e+00 1.185229082458942413e+10 3.604459578679952009e-02
3.419999999999999929e+00 1.189086212596986389e+10 3.520795224740198154e-02
3.479999999999999982e+00 1.192816725889507484e+10 3.439197062231078711e-02
3.540000000000000036e+00 1.196426313347522545e+10 3.359179550747840026e-02
3.599999999999999645e+00 1.199920344782761955e+10 3.279958620496090105e-02
3.659999999999999698e+00 1.203303890414915085e+10 3.201062493699869532e-02
3.719999999999999751e+00 1.206581740806488419e+10 3.122988167389281061e-02
3.779999999999999805e+00 1.209758425270393372e+10 3.047172747180219160e-02
3.839999999999999858e+00 1.212838228881555748e+10 2.975111753498640293e-02
3.899999999999999911e+00 1.215825208211421776e+10 2.907269947701198246e-02
3.959999999999999964e+00 1.218723205893100166e+10 2.842701820625347098e-02
4.019999999999999574e+00 1.221535864114865112e+10 2.779685619569291499e-02
4.080000000000000071e+00 1.224266637130743599e+10 2.716793734476826566e-02
4.139999999999999680e+00 1.226918802868805504e+10 2.653572073936246584e-02
4.200000000000000178e+00 1.229495473710471153e+10 2.590481269570508310e-02
4.259999999999999787e+00 1.231999606507581520e+10 2.528350898716998085e-02
4.320000000000000284e+00 1.234434011898015022e+10 2.467821397428865068e-02
4.379999999999999893e+00 1.236801362975295830e+10 2.409086792060666227e-02
4.439999999999999503e+00 1.239104203362765503e+10 2.351962854697293298e-02
4.500000000000000000e+00 1.241344954738523293e+10 2.296117944392685184e-02
4.559999999999999609e+00 1.243525923853353691e+10 2.241281168835723703e-02
4.620000000000000107e+00 1.245649309080271149e+10 2.187324750310838326e-02
4.679999999999999716e+00 1.247717206531038475e+10 2.134228017113489612e-02
4.740000000000000213e+00 1.249731615772062111e+10 2.082007855505046620e-02
4.799999999999999822e+00 1.251694445169364929e+10 2.030696697715612259e-02
4.859999999999999432e+00 1.253607516889906883e+10 1.980372822458624157e-02
4.919999999999999929e+00 1.255472571584270477e+10 1.931178345848718128e-02
4.979999999999999538e+00 1.257291272773734474e+10 1.883270715582588059e-02
5.040000000000000036e+00 1.259065210962882233e+10 1.836730175908979704e-02
5.099999999999999645e+00 1.260795907497223091e+10 1.791503905888963688e-02
5.160000000000000142e+00 1.262484818183761978e+10 1.747443677857566519e-02
5.219999999999999751e+00 1.264133336691048813e+10 1.704411794968790222e-02
5.279999999999999361e+00 1.265742797743949127e+10 1.662371475919680042e-02
5.339999999999999858e+00 1.267314480127189255e+10 1.621395647147561014e-02
5.399999999999999467e+00 1.268849609510840797e+10 1.581597982981578984e-02
5.459999999999999964e+00 1.270349361109316444e+10 1.543045026876788996e-02
5.519999999999999574e+00 1.271814862185578728e+10 1.505707352102602509e-02
5.580000000000000071e+00 1.273247194410402489e+10 1.469466155792920753e-02
5.639999999999999680e+00 1.274647396086375427e+10 1.434153319772437166e-02
5.700000000000000178e+00 1.276016464245449448e+10 1.399594731536203847e-02
5.759999999999999787e+00 1.277355356628199387e+10 1.365641464319226200e-02
5.819999999999999396e+00 1.278664993552399826e+10 1.332188578712643380e-02
5.879999999999999893e+00 1.279946259677948380e+10 1.299184764600865710e-02
5.939999999999999503e+00 1.281200005674687004e+10 1.266632782723026325e-02
6.000000000000000000e+00 1.282427049799201202e+10 1.234580385616953699e-02
6.059999999999999609e+00 1.283628179386259460e+10 1.203105103270635072e-02
6.120000000000000107e+00 1.284804152260142326e+10 1.172297867221659858e-02
6.179999999999999716e+00 1.285955698070780182e+10 1.142247037850033925e-02
6.240000000000000213e+00 1.287083519559251404e+10 1.113020329483218468e-02
6.299999999999999822e+00 1.288188293756898880e+10 1.084643685803231457e-02
6.359999999999999432e+00 1.289270673122037888e+10 1.057084365333326066e-02
6.419999999999999929e+00 1.290331286617954254e+10 1.030252613415308729e-02
6.479999999999999538e+00 1.291370740735650444e+10 1.004030849446231437e-02
6.540000000000000036e+00 1.292389620464570045e+10 9.783201672835108859e-03
6.599999999999999645e+00 1.293388490214315796e+10 9.530771858008227349e-03
6.660000000000000142e+00 1.294367894690186310e+10 9.283182881387741503e-03
6.719999999999999751e+00 1.295328359725171089e+10 9.040917786015519042e-03
6.779999999999999361e+00 1.296270393070869255e+10 8.804402905537066573e-03
6.839999999999999858e+00 1.297194485149654579e+10 8.573775931032909248e-03
6.899999999999999467e+00 1.298101109770246124e+10 8.348881014224153810e-03
6.959999999999999964e+00 1.298990724808721352e+10 8.129406845482177804e-03
7.019999999999999574e+00 1.299863772856877136e+10 7.915033474947059250e-03
7.080000000000000071e+00 1.300720681839722443e+10 7.705510639807696023e-03
7.139999999999999680e+00 1.301561865603782845e+10 7.500667565779459665e-03
7.199999999999999289e+00 1.302387724477795410e+10 7.300389797266085626e-03
7.259999999999999787e+00 1.303198645807269096e+10 7.104591987279772203e-03
7.319999999999999396e+00 1.303995004464303017e+10 6.913196907976086603e-03
7.379999999999999893e+00 1.304777163333976173e+10 6.726120766044162494e-03
7.439999999999999503e+00 1.305545473778530312e+10 6.543263648879402150e-03
7.500000000000000000e+00 1.306300276080511665e+10 6.364504430810808897e-03
7.559999999999999609e+00 1.307041899865956688e+10 6.189698330068668999e-03
7.620000000000000107e+00 1.307770664508652687e+10 6.018674080613312799e-03
7.679999999999999716e+00 1.308486879516438103e+10 5.851227303561792534e-03
7.739999999999999325e+00 1.309190844900453568e+10 5.687106137159511979e-03
7.799999999999999822e+00 1.309882851528210640e+10 5.525986001108241195e-03
7.859999999999999432e+00 1.310563181461277199e+10 5.367438507569866762e-03
7.919999999999999929e+00 1.311232108278362465e+10 5.210916116173707271e-03
7.979999999999999538e+00 1.311889897384501839e+10 5.055787493655348325e-03
8.039999999999999147e+00 1.312536806307050133e+10 4.901451532539990649e-03
8.099999999999999645e+00 1.313173084979104996e+10 4.747522655562693220e-03
8.160000000000000142e+00 1.313798976010986328e+10 4.594026839940900005e-03
8.219999999999998863e+00 1.314414714950339699e+10 4.441510527861839384e-03
8.279999999999999361e+00 1.315020530531409454e+10 4.290982257080981979e-03
8.339999999999999858e+00 1.315616644914003754e+10 4.143680339995093123e-03
8.400000000000000355e+00 1.316203273912630844e+10 4.000743109537686394e-03
8.459999999999999076e+00 1.316780627216274071e+10 3.862905261222826167e-03
8.519999999999999574e+00 1.317348908599243546e+10 3.730335963777898188e-03
8.580000000000000071e+00 1.317908316123516846e+10 3.602671636480374480e-03
8.640000000000000568e+00 1.318459042332963181e+10 3.479208055152495545e-03
8.699999999999999289e+00 1.319001274439824295e+10 3.359157470233696367e-03
8.759999999999999787e+00 1.319535194503801727e+10 3.241873603098151865e-03
8.820000000000000284e+00 1.320060979604096031e+10 3.126981014168387848e-03
8.879999999999999005e+00 1.320578802004700279e+10 3.014390774122154872e-03
8.939999999999999503e+00 1.321088829313263702e+10 2.904228545459932014e-03
9.000000000000000000e+00 1.321591224633806801e+10 2.796726202284947720e-03
9.060000000000000497e+00 1.322086146713560677e+10 2.692123089109841293e-03
9.119999999999999218e+00 1.322573750084186172e+10 2.590601401183086853e-03
9.179999999999999716e+00 1.323054185197630882e+10 2.492260968505626006e-03
9.240000000000000213e+00 1.323527598556838036e+10 2.397125902159511976e-03
9.299999999999998934e+00 1.323994132841551590e+10 2.305167706305882164e-03
9.359999999999999432e+00 1.324453927029409409e+10 2.216329209064739000e-03
9.419999999999999929e+00 1.324907116512546349e+10 2.130540821249023425e-03
9.480000000000000426e+00 1.325353833209873772e+10 2.047728644099653782e-03
9.539999999999999147e+00 1.325794205675245476e+10 1.967817654041672561e-03
9.599999999999999645e+00 1.326228359201661491e+10 1.890733049076106370e-03
9.660000000000000142e+00 1.326656415921687698e+10 1.816401591068207439e-03
9.719999999999998863e+00 1.327078494904243279e+10 1.744753810288836825e-03
9.779999999999999361e+00 1.327494712247913361e+10 1.675727056572033202e-03
9.839999999999999858e+00 1.327905181170919228e+10 1.609268360752339963e-03
9.900000000000000355e+00 1.328310012097893143e+10 1.545335438155824234e-03
9.959999999999999076e+00 1.328709312743581581e+10 1.483894450446082269e-03
1.001999999999999957e+01 1.329103188193607330e+10 1.424913671758905754e-03
1.008000000000000007e+01 1.329491740982400513e+10 1.368351995003694744e-03
1.013999999999999879e+01 1.329875071168421936e+10 1.314141368307733277e-03
1.019999999999999929e+01 1.330253276406778336e+10 1.262165344708815300e-03
1.025999999999999979e+01 1.330626452019338608e+10 1.212241290531868281e-03
1.032000000000000028e+01 1.330994691062447929e+10 1.164115658651676240e-03
1.037999999999999901e+01 1.331358084392332840e+10 1.117476447608117297e-03
1.043999999999999950e+01 1.331716720728288460e+10 1.071979958732650158e-03
1.050000000000000000e+01 1.332070686713735580e+10 1.027288629139238435e-03
1.055999999999999872e+01 1.332420066975227547e+10 9.831212310277689589e-04
1.061999999999999922e+01 1.332764944179459763e+10 9.393143553817894387e-04
1.067999999999999972e+01 1.333105399088527870e+10 8.958802943967625505e-04
1.074000000000000021e+01 1.333441510613070679e+10 8.530354551323817954e-04
1.079999999999999893e+01 1.333773355863954544e+10 8.111831008380768638e-04
1.085999999999999943e+01 1.334101010202125549e+10 7.708586541858741164e-04
1.091999999999999993e+01 1.334424547286859512e+10 7.326587769262312127e-04
1.098000000000000043e+01 1.334744039122458076e+10 6.971643593737194850e-04
1.103999999999999915e+01 1.335059556103432846e+10 6.648507635087838987e-04
1.109999999999999964e+01 1.335371167058242226e+10 6.359831304943525327e-04
1.116000000000000014e+01 1.335678939291631317e+10 6.105222989603461235e-04
1.121999999999999886e+01 1.335982938625628853e+10 5.880875494723673954e-04
1.127999999999999936e+01 1.336283229439244652e+10 5.680065904031515213e-04
1.133999999999999986e+01 1.336579874706921005e+10 5.494420729292912161e-04
1.140000000000000036e+01 1.336872936035776329e+10 5.315542345711893497e-04
1.145999999999999908e+01 1.337162473701693726e+10 5.136539689679807050e-04
1.151999999999999957e+01 1.337448546684285355e+10 4.953060105966677939e-04
1.158000000000000007e+01 1.337731212700778008e+10 4.763554890762823233e-04
1.163999999999999879e+01 1.338010528238860321e+10 4.568801762925426332e-04
1.169999999999999929e+01 1.338286548588523483e+10 4.371012924596463052e-04
1.175999999999999979e+01 1.338559327872930908e+10 4.172928872104028977e-04
1.182000000000000028e+01 1.338828919078357887e+10 3.977139488109161249e-04
1.187999999999999901e+01 1.339095374083223343e+10 3.785699201020513395e-04
1.193999999999999950e+01 1.339358743686249924e+10 3.600015192912063740e-04
1.200000000000000000e+01 1.339619077633788490e+10 3.420936036755071715e-04
1.205999999999999872e+01 1.339876424646323204e+10 3.248925732650100257e-04
1.211999999999999922e+01 1.340130832444192696e+10 3.084213962670065336e-04
1.217999999999999972e+01 1.340382347772559166e+10 2.926873735268593706e-04
1.224000000000000021e+01 1.340631016425634575e+10 2.776842145848613746e-04
1.229999999999999893e+01 1.340876883270209503e+10 2.633926193276340871e-04
1.235999999999999943e+01 1.341119992268489456e+10 2.497822213046651195e-04
1.241999999999999993e+01 1.341360386500274849e+10 2.368151117134942784e-04
1.248000000000000043e+01 1.341598108184498787e+10 2.244497040833691275e-04
1.253999999999999915e+01 1.341833198700149155e+10 2.126439177657717355e-04
1.259999999999999964e+01 1.342065698606590080e+10 2.013574037863938239e-04
1.266000000000000014e+01 1.342295647663306999e+10 1.905528247802618569e-04
1.271999999999999886e+01 1.342523084849093437e+10 1.801961858001613966e-04
1.277999999999999936e+01 1.342748048380692101e+10 1.702563914086189535e-04
1.283999999999999986e+01 1.342970575730918312e+10 1.607045573611266104e-04
1.290000000000000036e+01 1.343190703646271706e+10 1.515137449096867880e-04
1.295999999999999908e+01 1.343408468164062309e+10 1.426595220012604988e-04
1.301999999999999957e+01 1.343623904629054832e+10 1.341212006143664671e-04
1.308000000000000007e+01 1.343837047709661293e+10 1.258830549672767976e-04
1.313999999999999879e+01 1.344047931413682747e+10 1.179347081460310851e-04
1.319999999999999929e+01 1.344256589103623199e+10 1.102703884227927765e-04
1.325999999999999979e+01 1.344463053511582947e+10 1.028874993214172001e-04
1.332000000000000028e+01 1.344667356753752327e+10 9.578526072016685605e-05
1.337999999999999901e+01 1.344869530344507790e+10 8.896390979869307010e-05
1.343999999999999950e+01 1.345069605210132790e+10 8.242449621068858234e-05
1.350000000000000000e+01 1.345267611702168655e+10 7.616901844273992492e-05
1.355999999999999872e+01 1.345463579610410309e+10 7.020058492350673713e-05
1.361999999999999922e+01 1.345657538175553131e+10 6.452338338015800199e-05
1.367999999999999972e+01 1.345849516101510811e+10 5.914241828267493260e-05
1.374000000000000021e+01 1.346039541567400551e+10 5.406308598100606120e-05
1.379999999999999893e+01 1.346227642239221573e+10 4.929059928824097779e-05
1.385999999999999943e+01 1.346413845281218529e+10 4.482913488172414430e-05
1.391999999999999993e+01 1.346598177366959572e+10 4.068059322519703688e-05
1.397999999999999865e+01 1.346780664690115929e+10 3.684317017347702101e-05
1.403999999999999915e+01 1.346961332974972916e+10 3.331032158261317048e-05
1.409999999999999964e+01 1.347140207486660385e+10 3.007069415098803438e-05
1.416000000000000014e+01 1.347317313041129494e+10 2.710906331037148947e-05
1.421999999999999886e+01 1.347492674014867592e+10 2.440774515229630356e-05
1.427999999999999936e+01 1.347666314354370499e+10 2.194787200740227559e-05
1.433999999999999986e+01 1.347838257585372543e+10 1.971029340055926258e-05
1.439999999999999858e+01 1.348008526821842766e+10 1.767622854038092685e-05
1.445999999999999908e+01 1.348177144774757576e+10 1.582785602616415419e-05
1.451999999999999957e+01 1.348344133760649681e+10 1.414884043924962464e-05
1.458000000000000007e+01 1.348509515709946251e+10 1.262461690064598725e-05
1.463999999999999879e+01 1.348673312175099945e+10 1.124228892424685417e-05
1.469999999999999929e+01 1.348835544338516045e+10 9.990209387942756075e-06
1.475999999999999979e+01 1.348996233020286369e+10 8.857482263697770533e-06
1.482000000000000028e+01 1.349155398685730553e+10 7.833602959932892536e-06
1.487999999999999901e+01 1.349313061452756119e+10 6.908333149360193418e-06
1.493999999999999950e+01 1.349469241099035072e+10 6.071818305633974359e-06
1.500000000000000000e+01 1.349623957069007492e+10 5.314909207762506444e-06
1.505999999999999872e+01 1.349777228480717659e+10 4.629573189704992031e-06
1.511999999999999922e+01 1.349929074132479668e+10 4.009195449666791525e-06
1.517999999999999972e+01 1.350079512509390068e+10 3.448593014076372904e-06
1.524000000000000021e+01 1.350228561789676666e+10 2.943731494183558369e-06
1.529999999999999893e+01 1.350376239850903893e+10 2.491308092950498339e-06
1.535999999999999943e+01 1.350522564276022339e+10 2.088389851616506912e-06
1.541999999999999993e+01 1.350667552359281349e+10 1.732192121367845888e-06
1.547999999999999865e+01 1.350811221111998367e+10 1.419977410286548879e-06
1.553999999999999915e+01 1.350953587268195534e+10 1.149018973456085349e-06
1.559999999999999964e+01 1.351094667290100098e+10 9.165878847566171873e-07
1.566000000000000014e+01 1.351234477373519325e+10 7.199337791999102696e-07
1.571999999999999886e+01 1.351373033453090858e+10 5.562350856927268060e-07
1.577999999999999936e+01 1.351510351207408714e+10 4.225013967974856621e-07
1.583999999999999986e+01 1.351646446064032555e+10 3.154688518493461078e-07
1.589999999999999858e+01 1.351781333204379845e+10 2.316110935490744058e-07
1.595999999999999908e+01 1.351915027568510246e+10 1.673442087921665002e-07
1.601999999999999957e+01 1.352047543859794235e+10 1.192827613305539493e-07
1.607999999999999829e+01 1.352178896549480247e+10 8.431323149653649684e-08
1.614000000000000057e+01 1.352309099881155014e+10 5.951867300131792713e-08
1.619999999999999929e+01 1.352438167875106430e+10 4.221360416862879103e-08
1.625999999999999801e+01 1.352566114332584190e+10 3.014503287201166420e-08
1.632000000000000028e+01 1.352692952839966011e+10 2.164399814836018758e-08
1.637999999999999901e+01 1.352818696772833633e+10 1.558628892769525017e-08
1.643999999999999773e+01 1.352943359299951935e+10 1.123717641785626512e-08
1.650000000000000000e+01 1.353066953387164879e+10 8.104428334147946510e-09
1.655999999999999872e+01 1.353189491801202011e+10 5.845596465623565170e-09
1.662000000000000099e+01 1.353310987113402557e+10 4.216336628572736685e-09
1.667999999999999972e+01 1.353431451703356361e+10 3.041177178409241403e-09
1.673999999999999844e+01 1.353550897762464714e+10 2.193553182590162067e-09
1.680000000000000071e+01 1.353669337297425652e+10 1.582175349404762668e-09
1.685999999999999943e+01 1.353786782133640099e+10 1.141198151078423053e-09
1.691999999999999815e+01 1.353903243918546104e+10 8.231282458766459810e-10
1.698000000000000043e+01 1.354018734124880028e+10 5.937094347021979974e-10
1.703999999999999915e+01 1.354133264053867722e+10 4.282332608802587492e-10
1.709999999999999787e+01 1.354246844838347626e+10 3.088779039129202694e-10
1.716000000000000014e+01 1.354359487445824814e+10 2.227887654721807676e-10
1.721999999999999886e+01 1.354471202681463051e+10 1.606940263186049244e-10
1.728000000000000114e+01 1.354582001191009521e+10 1.159060693197696355e-10
1.733999999999999986e+01 1.354691893463660049e+10 8.360122160685352257e-11
1.739999999999999858e+01 1.354800889834863091e+10 6.030024394042771874e-11
1.746000000000000085e+01 1.354909000489063263e+10 4.349361587530924666e-11
1.751999999999999957e+01 1.355016235462390518e+10 3.137125985390392340e-11
1.757999999999999829e+01 1.355122604645288658e+10 2.262759545314917679e-11
1.764000000000000057e+01 1.355228117785091972e+10 1.632092808436131781e-11
1.769999999999999929e+01 1.355332784488546562e+10 1.177202827787968924e-11
1.775999999999999801e+01 1.355436614224280167e+10 8.490978519045541766e-12
1.782000000000000028e+01 1.355539616325223541e+10 6.124409023580640863e-12
1.787999999999999901e+01 1.355641799990973282e+10 4.417439733710719598e-12
1.793999999999999773e+01 1.355743174290118599e+10 3.186229679603842588e-12
1.800000000000000000e+01 1.355843748162508202e+10 2.298177266282818355e-12
1.805999999999999872e+01 1.355943530421480560e+10 1.657639052535550966e-12
1.812000000000000099e+01 1.356042529756041908e+10 1.195628931155222403e-12
1.817999999999999972e+01 1.356140754733002853e+10 8.623883099452504153e-13
1.823999999999999844e+01 1.356238213799073982e+10 6.220271003409443889e-13
1.830000000000000071e+01 1.356334915282914734e+10 4.486583469378513212e-13
1.835999999999999943e+01 1.356430867397142029e+10 3.236101966725764075e-13
1.841999999999999815e+01 1.356526078240303230e+10 2.334149361205799838e-13
1.848000000000000043e+01 1.356620555798802757e+10 1.683585157834163994e-13
1.853999999999999915e+01 1.356714307948796654e+10 1.214343448105322840e-13
1.859999999999999787e+01 1.356807342458043671e+10 8.758867961590679961e-14
1.866000000000000014e+01 1.356899666987723541e+10 6.317633457674469524e-14
1.871999999999999886e+01 1.356991289094220161e+10 4.556809473615976280e-14
1.877999999999999758e+01 1.357082216230866432e+10 3.286754877114976242e-14
1.883999999999999986e+01 1.357172455749655342e+10 2.370684507392128157e-14
1.889999999999999858e+01 1.357262014902919579e+10 1.709937383137700258e-14
1.896000000000000085e+01 1.357350900844977760e+10 1.233350893016222502e-14
1.901999999999999957e+01 1.357439120633747482e+10 8.895965666956916267e-15
1.907999999999999829e+01 1.357526681232328033e+10 6.416519872470336471e-15
1.914000000000000057e+01 1.357613589510552216e+10 4.628134686573105862e-15
1.919999999999999929e+01 1.357699852246508217e+10 3.338200629434764176e-15
1.925999999999999801e+01 1.357785476128032684e+10 2.407791517971120893e-15
1.932000000000000028e+01 1.357870467754173088e+10 1.736702085217484433e-15
1.937999999999999901e+01 1.357954833636626434e+10 1.252655850926929988e-15
1.943999999999999773e+01 1.358038580201147270e+10 9.035209286715223100e-16
1.950000000000000000e+01 1.358121713788927460e+10 6.516954101506599662e-16
1.955999999999999872e+01 1.358204240657954788e+10 4.700576313554770361e-16
1.962000000000000099e+01 1.358286166984342194e+10 3.390451633600441046e-16
1.967999999999999972e+01 1.358367498863631248e+10 2.445479344019154677e-16
1.973999999999999844e+01 1.358448242312075996e+10 1.763885720343867855e-16
1.980000000000000071e+01 1.358528403267896271e+10 1.272262978643518515e-16
1.985999999999999943e+01 1.358607987592512894e+10 9.176632409674046462e-17
1.991999999999999815e+01 1.358687001071757698e+10 6.618960371861571772e-17
1.998000000000000043e+01 1.358765449417061234e+10 4.774151829170853101e-17
2.003999999999999915e+01 1.358843338266616821e+10 3.443520493772805257e-17
2.009999999999999787e+01 1.358920673186526871e+10 2.483757076718840041e-17
2.016000000000000014e+01 1.358997459671926689e+10 1.791494845843637213e-17
2.021999999999999886e+01 1.359073703148082924e+10 1.292177005862489081e-17
2.027999999999999758e+01 1.359149408971481514e+10 9.320269150389070946e-18
2.033999999999999986e+01 1.359224582430885315e+10 6.722563289826755013e-18
2.039999999999999858e+01 1.359299228748380852e+10 4.848878981551700323e-18
2.046000000000000085e+01 1.359373353080400085e+10 3.497420011398619295e-18
2.051999999999999957e+01 1.359446960518729210e+10 2.522633949552014552e-18
2.057999999999999829e+01 1.359520056091493034e+10 1.819536121681753777e-18
2.064000000000000057e+01 1.359592644764126015e+10 1.312402736311630732e-18
2.069999999999999929e+01 1.359664731440326881e+10 9.466154157391951880e-19
2.075999999999999801e+01 1.359736320962989998e+10 6.827787846842121063e-19
2.082000000000000028e+01 1.359807418115127945e+10 4.924775796629219585e-19
2.087999999999999901e+01 1.359878027620771027e+10 3.552163188298574354e-19
2.093999999999999773e+01 1.359948154145854187e+10 2.562119340527101809e-19
2.100000000000000000e+01 1.360017802299090195e+10 1.848016312067941439e-19
2.105999999999999872e+01 1.360086976632820129e+10 1.332945048908845373e-19
2.111999999999999744e+01 1.360155681643858147e+10 9.614322621548828850e-20
2.117999999999999972e+01 1.360223921774284744e+10 6.934659425524958601e-20
2.123999999999999844e+01 1.360291701412376785e+10 5.001860582485331897e-20
2.130000000000000071e+01 1.360359024893227196e+10 3.607763229803683886e-20
2.135999999999999943e+01 1.360425896499644852e+10 2.602222774441289163e-20
2.141999999999999815e+01 1.360492320462895584e+10 1.876942287088334614e-20
2.148000000000000043e+01 1.360558300963458443e+10 1.353808898939015730e-20
2.153999999999999915e+01 1.360623842131765938e+10 9.764810284548794364e-21
2.159999999999999787e+01 1.360688948048938751e+10 7.043203805792472447e-21
2.166000000000000014e+01 1.360753622747499466e+10 5.080151933768135173e-21
2.171999999999999886e+01 1.360817870212079048e+10 3.664233547940660042e-21
2.177999999999999758e+01 1.360881694380109596e+10 2.642953925178135834e-21
2.183999999999999986e+01 1.360945099142506790e+10 1.906321024362728208e-21
2.189999999999999858e+01 1.361008088344339180e+10 1.374999319249360573e-21
2.196000000000000085e+01 1.361070665785485649e+10 9.917653447525869245e-22
2.201999999999999957e+01 1.361132835221284866e+10 7.153447171080665149e-22
2.207999999999999829e+01 1.361194600363168526e+10 5.159668736177476920e-22
2.214000000000000057e+01 1.361255964879289818e+10 3.721587764667239566e-22
2.219999999999999929e+01 1.361316932395136261e+10 2.684322618041131796e-22
2.225999999999999801e+01 1.361377506494137192e+10 1.936159610727727875e-22
2.232000000000000028e+01 1.361437690718255424e+10 1.396521421463471392e-22
2.237999999999999901e+01 1.361497488568574905e+10 1.007288897981568019e-22
2.243999999999999773e+01 1.361556903505873489e+10 7.265416114660445399e-23
2.250000000000000000e+01 1.361615938951189804e+10 5.240430171020666673e-23
2.255999999999999872e+01 1.361674598286378098e+10 3.779839715158164325e-23
2.261999999999999744e+01 1.361732884854658890e+10 2.726338832123827143e-23
2.267999999999999972e+01 1.361790801961150742e+10 1.966465243946273195e-23
2.273999999999999844e+01 1.361848352873404884e+10 1.418380397214339742e-23
2.280000000000000071e+01 1.361905540821925163e+10 1.023055432784894741e-23
2.285999999999999943e+01 1.361962369000676155e+10 7.379137646052253306e-24
2.291999999999999815e+01 1.362018840567590904e+10 5.322455719839231421e-24
2.298000000000000043e+01 1.362074958645065117e+10 3.839003451142392758e-24
2.303999999999999915e+01 1.362130726320443344e+10 2.769012702716930008e-24
2.309999999999999787e+01 1.362186146646500778e+10 1.997245234443871146e-24
2.316000000000000014e+01 1.362241222641914368e+10 1.440581519396712785e-24
2.321999999999999886e+01 1.362295957291724777e+10 1.039068752418476762e-24
2.327999999999999758e+01 1.362350353547797585e+10 7.494639197541778783e-25
2.333999999999999986e+01 1.362404414329268456e+10 5.405765169108633905e-25
2.339999999999999858e+01 1.362458142522988319e+10 3.899093244292922370e-25
2.346000000000000085e+01 1.362511540983956909e+10 2.812354523753302709e-25
2.351999999999999957e+01 1.362564612535753441e+10 2.028507007072096556e-25
2.357999999999999829e+01 1.362617359970954704e+10 1.463130143439037751e-25
2.364000000000000057e+01 1.362669786051553345e+10 1.055332719668467941e-25
2.369999999999999929e+01 1.362721893509363174e+10 7.611948630796898122e-26
2.375999999999999801e+01 1.362773685046424484e+10 5.490378615010928338e-26
2.382000000000000028e+01 1.362825163335396194e+10 3.960123589669248916e-26
2.387999999999999901e+01 1.362876331019948196e+10 2.856374750290994642e-26
2.393999999999999773e+01 1.362927190715142250e+10 2.060258102899604825e-26
2.400000000000000000e+01 1.362977745007811546e+10 1.486031708595328187e-26
2.405999999999999872e+01 1.363027996456931114e+10 1.071851257783092622e-26
2.411999999999999744e+01 1.363077947593981743e+10 7.731094243588937780e-27
2.417999999999999972e+01 1.363127600923313904e+10 5.576316468282713278e-27
2.423999999999999844e+01 1.363176958922499657e+10 4.022109209214074613e-27
2.430000000000000071e+01 1.363226024042682266e+10 2.901084001035301802e-27
2.435999999999999943e+01 1.363274798708919525e+10 2.092506181031208238e-27
2.441999999999999815e+01 1.363323285320523071e+10 1.509291739257202147e-27
2.448000000000000043e+01 1.363371486251390076e+10 1.088628351418980264e-27
2.453999999999999915e+01 1.363419403850334358e+10 7.852104776618332066e-28
2.459999999999999787e+01 1.363467040441405487e+10 5.663599459138377223e-28
2.466000000000000014e+01 1.363514398324210739e+10 4.085065055304427229e-28
2.471999999999999886e+01 1.363561479774225616e+10 2.946493060900201161e-28
2.477999999999999758e+01 1.363608287043105698e+10 2.125259020455441391e-28
2.483999999999999986e+01 1.363654822358987045e+10 1.532915846286530868e-28
2.489999999999999858e+01 1.363701087926787186e+10 1.105668047602396849e-28
2.496000000000000085e+01 1.363747085928502846e+10 7.975009420447908139e-29
2.501999999999999957e+01 1.363792818523496056e+10 5.752248642270975368e-29
2.507999999999999829e+01 1.363838287848782539e+10 4.149006314358675169e-29
2.514000000000000057e+01 1.363883496019313049e+10 2.992612883609984751e-29
2.519999999999999929e+01 1.363928445128253555e+10 2.158524521921048785e-29
2.525999999999999801e+01 1.363973137247253799e+10 1.556909728368899961e-29
2.532000000000000028e+01 1.364017574426722145e+10 1.122974456705469373e-29
2.537999999999999901e+01 1.364061758696088600e+10 8.099837822544203108e-30
2.543999999999999773e+01 1.364105692064065742e+10 5.842285401931001961e-30
2.550000000000000000e+01 1.364149376518908501e+10 4.213948410499771529e-30
2.555999999999999872e+01 1.364192814028666878e+10 3.039454594341514967e-30
2.561999999999999744e+01 1.364236006541437531e+10 2.192310709842810236e-30
2.567999999999999972e+01 1.364278955985608101e+10 1.581279173388255402e-30
2.573999999999999844e+01 1.364321664270103073e+10 1.140551753437689721e-30
2.580000000000000071e+01 1.364364133284621620e+10 8.226620094428992257e-31
2.585999999999999943e+01 1.364406364899874687e+10 5.933731457084663057e-31
2.591999999999999815e+01 1.364448360967815971e+10 4.279907009275837110e-31
2.598000000000000043e+01 1.364490123321872902e+10 3.087029492407832022e-31
2.603999999999999915e+01 1.364531653777171707e+10 2.226625734237202176e-31
2.609999999999999787e+01 1.364572954130761147e+10 1.606030059823079108e-31
2.616000000000000014e+01 1.364614026161829948e+10 1.158404177852975116e-31
2.621999999999999886e+01 1.364654871631926537e+10 8.355386818943173663e-32
2.627999999999999758e+01 1.364695492285168076e+10 6.026608866653271042e-32
2.633999999999999986e+01 1.364735889848455620e+10 4.346898021439268740e-32
2.639999999999999858e+01 1.364776066031676865e+10 3.135349053983950788e-32
2.645999999999999730e+01 1.364816022527912903e+10 2.261477872688437620e-32
2.651999999999999957e+01 1.364855761013639069e+10 1.631168358164435522e-32
2.657999999999999829e+01 1.364895283148924637e+10 1.176536036372451625e-32
2.664000000000000057e+01 1.364934590577626228e+10 8.486169057623755432e-33
2.669999999999999929e+01 1.364973684927583504e+10 6.120940034834029461e-33
2.675999999999999801e+01 1.365012567810806274e+10 4.414937606784490562e-33
2.682000000000000028e+01 1.365051240823666573e+10 3.184424934874976467e-33
2.687999999999999901e+01 1.365089705547079086e+10 2.296875532345095268e-33
2.693999999999999773e+01 1.365127963546686745e+10 1.656700132356141242e-33
2.700000000000000000e+01 1.365166016373039818e+10 1.194951702823261528e-33
2.705999999999999872e+01 1.365203865561772346e+10 8.618998358196870286e-34
2.711999999999999744e+01 1.365241512633777809e+10 6.216747716504798577e-34
2.717999999999999972e+01 1.365278959095383453e+10 4.484042178046415940e-34
2.723999999999999844e+01 1.365316206438515663e+10 3.234268973328009148e-34
2.730000000000000071e+01 1.365353256140873718e+10 2.332827251948281194e-34
2.735999999999999943e+01 1.365390109666090775e+10 1.682631541257607697e-34
2.741999999999999815e+01 1.365426768463899231e+10 1.213655619493648402e-34
2.748000000000000043e+01 1.365463233970290947e+10 8.753906762187612987e-35
2.753999999999999915e+01 1.365499507607676506e+10 6.314055022712733809e-35
2.759999999999999787e+01 1.365535590785042191e+10 4.554228404859207703e-35
2.766000000000000014e+01 1.365571484898102379e+10 3.284893192887540626e-35
2.771999999999999886e+01 1.365607191329454994e+10 2.369341703891217321e-35
2.777999999999999758e+01 1.365642711448730278e+10 1.708968840129445931e-35
2.783999999999999986e+01 1.365678046612738228e+10 1.232652298204544498e-35
2.789999999999999858e+01 1.365713198165616417e+10 8.890926812649521737e-36
2.795999999999999730e+01 1.365748167438974380e+10 6.412885426249615844e-36
2.801999999999999957e+01 1.365782955752035141e+10 4.625513217777724002e-36
2.807999999999999829e+01 1.365817564411774826e+10 3.336309805296004732e-36
2.814000000000000057e+01 1.365851994713064384e+10 2.406427696311290107e-36
2.819999999999999929e+01 1.365886247938803673e+10 1.735718382142356856e-36
2.825999999999999801e+01 1.365920325360056305e+10 1.251946321397874255e-36
2.832000000000000028e+01 1.365954228236184883e+10 9.030091562014229840e-37
2.837999999999999901e+01 1.365987957814980507e+10 6.513262767313648598e-37
2.843999999999999773e+01 1.366021515332793427e+10 4.697913812361339239e-37
2.850000000000000000e+01 1.366054902014660072e+10 3.388531213439472885e-37
2.855999999999999872e+01 1.366088119074430847e+10 2.444094175214817946e-37
2.861999999999999744e+01 1.366121167714892960e+10 1.762886619909752767e-37
2.867999999999999972e+01 1.366154049127894020e+10 1.271542343242025365e-37
2.873999999999999844e+01 1.366186764494464111e+10 9.171434580064998155e-38
2.879999999999999716e+01 1.366219314984933853e+10 6.615211259260558419e-38
2.885999999999999943e+01 1.366251701759055328e+10 4.771447653322027051e-38
2.891999999999999815e+01 1.366283925966116142e+10 3.441570014339509836e-38
2.898000000000000043e+01 1.366315988745054436e+10 2.482350226634973043e-38
2.903999999999999915e+01 1.366347891224575424e+10 1.790480107044196438e-38
2.909999999999999787e+01 1.366379634523260689e+10 1.291445090754478075e-38
2.916000000000000014e+01 1.366411219749678993e+10 9.314989962034102870e-39
2.921999999999999886e+01 1.366442648002498817e+10 6.718755494444185120e-39
2.927999999999999758e+01 1.366473920370591927e+10 4.846132478737141304e-39
2.933999999999999986e+01 1.366505037933142281e+10 3.495439002191849976e-39
2.939999999999999858e+01 1.366536001759751320e+10 2.521205078823572049e-39
2.945999999999999730e+01 1.366566812910540009e+10 1.818505499738340086e-39
2.951999999999999957e+01 1.366597472436254120e+10 1.311659364942125880e-39
2.957999999999999829e+01 1.366627981378361320e+10 9.460806814531577879e-40
2.964000000000000057e+01 1.366658340769155884e+10 6.824059848999257191e-40
2.969999999999999929e+01 1.366688551631853294e+10 4.922839479801067247e-40
2.975999999999999801e+01 1.366718614980689049e+10 3.554185651420573788e-40
2.982000000000000028e+01 1.366748531821015930e+10 2.576055330849668747e-40
2.987999999999999901e+01 1.366778303149396515e+10 1.895218626372867002e-40
2.993999999999999773e+01 1.366807929953698730e+10 1.458684854258055728e-40
3.000000000000000000e+01 1.366837413213188171e+10 1.243514360975379915e-40
