# z, probability of observing a galaxy at z
0.000000000000000000e+00 0.000000000000000000e+00
4.000000000000000083e-02 1.777612496205435060e-03
8.000000000000000167e-02 6.819929832504362070e-03
1.199999999999999956e-01 1.468812660822723347e-02
1.600000000000000033e-01 2.494913290884148704e-02
2.000000000000000111e-01 3.718618177444110717e-02
2.399999999999999911e-01 4.964067238099263008e-02
2.800000000000000266e-01 6.257175036727403994e-02
3.200000000000000067e-01 7.562205410261779726e-02
3.599999999999999867e-01 8.850415735347777479e-02
4.000000000000000222e-01 1.009941269387400059e-01
4.400000000000000022e-01 1.129231266927637062e-01
4.799999999999999822e-01 1.241649395651596710e-01
5.200000000000000178e-01 1.346313858186587720e-01
5.600000000000000533e-01 1.442672786283898667e-01
5.999999999999999778e-01 1.530448122584609494e-01
6.400000000000000133e-01 1.609561860790680865e-01
6.800000000000000488e-01 1.680013271415999043e-01
7.199999999999999734e-01 1.741898641923088353e-01
7.600000000000000089e-01 1.795405530653554071e-01
8.000000000000000444e-01 1.840790608871810119e-01
8.399999999999999689e-01 1.878329107701774692e-01
8.800000000000000044e-01 1.908198860588189438e-01
9.200000000000000400e-01 1.930560986804207013e-01
9.599999999999999645e-01 1.945588207772757094e-01
1.000000000000000000e+00 1.953463799924812505e-01
1.040000000000000036e+00 1.954462311927627205e-01
1.080000000000000071e+00 1.949190871878553610e-01
1.120000000000000107e+00 1.938339238125476038e-01
1.159999999999999920e+00 1.922587542131066196e-01
1.199999999999999956e+00 1.902596608125621813e-01
1.239999999999999991e+00 1.879004372965209502e-01
1.280000000000000027e+00 1.852431709412659944e-01
1.320000000000000062e+00 1.823465698855508965e-01
1.360000000000000098e+00 1.792652840026994765e-01
1.400000000000000133e+00 1.760497660778165552e-01
1.439999999999999947e+00 1.727432528308013859e-01
1.479999999999999982e+00 1.693733014851502572e-01
1.520000000000000018e+00 1.659617110011370467e-01
1.560000000000000053e+00 1.625278254687242407e-01
1.600000000000000089e+00 1.590887307761662262e-01
1.640000000000000124e+00 1.556591937665695313e-01
1.679999999999999938e+00 1.522511339222427929e-01
1.719999999999999973e+00 1.488746204556722352e-01
1.760000000000000009e+00 1.455382917747538307e-01
1.800000000000000044e+00 1.422495015279024999e-01
1.840000000000000080e+00 1.390144300743142158e-01
1.880000000000000115e+00 1.358381429949551966e-01
1.919999999999999929e+00 1.327247790930241589e-01
1.959999999999999964e+00 1.296776761664239497e-01
2.000000000000000000e+00 1.266994633897017553e-01
2.040000000000000036e+00 1.237921479646512113e-01
2.080000000000000071e+00 1.209571992159637760e-01
2.120000000000000107e+00 1.181956065188857347e-01
2.160000000000000142e+00 1.155079373372622370e-01
2.200000000000000178e+00 1.128943921808837625e-01
2.240000000000000213e+00 1.103548531049912684e-01
2.280000000000000249e+00 1.078889256611700598e-01
2.319999999999999840e+00 1.054959805944311324e-01
2.359999999999999876e+00 1.031751895846135803e-01
2.399999999999999911e+00 1.009255563449312637e-01
2.439999999999999947e+00 9.874594439581065031e-02
2.479999999999999982e+00 9.663510200592194399e-02
2.520000000000000018e+00 9.459168321594917106e-02
2.560000000000000053e+00 9.261426670814359996e-02
2.600000000000000089e+00 9.070137256703013351e-02
2.640000000000000124e+00 8.885147694195544288e-02
2.680000000000000160e+00 8.706302479054214838e-02
2.720000000000000195e+00 8.533444123632964728e-02
2.760000000000000231e+00 8.366414136043960614e-02
2.800000000000000266e+00 8.205053863780784051e-02
2.839999999999999858e+00 8.049205221594017690e-02
2.879999999999999893e+00 7.898711317403298016e-02
2.919999999999999929e+00 7.753416979605923243e-02
2.959999999999999964e+00 7.613169204856379269e-02
3.000000000000000000e+00 7.477817534444325398e-02
3.040000000000000036e+00 7.436907342945554833e-02
3.080000000000000071e+00 7.396920420707196742e-02
3.120000000000000107e+00 7.357865150302082824e-02
3.160000000000000142e+00 7.319747573124960049e-02
3.200000000000000178e+00 7.282571596653805712e-02
3.240000000000000213e+00 7.246339184845851378e-02
3.280000000000000249e+00 7.211050533028207088e-02
3.320000000000000284e+00 7.176704227946142933e-02
3.359999999999999876e+00 7.143297394626194063e-02
3.399999999999999911e+00 7.110825831014257192e-02
3.439999999999999947e+00 7.079284131257880530e-02
3.479999999999999982e+00 7.048665798499050006e-02
3.520000000000000018e+00 7.018963348135465186e-02
3.560000000000000053e+00 6.990168402162802441e-02
3.600000000000000089e+00 6.962271775315621858e-02
3.640000000000000124e+00 6.935263553673955139e-02
3.680000000000000160e+00 6.909133166336048348e-02
3.720000000000000195e+00 6.883869450671287193e-02
3.760000000000000231e+00 6.859460711698610325e-02
3.800000000000000266e+00 6.835894776055069511e-02
3.839999999999999858e+00 6.813159040982227910e-02
3.879999999999999893e+00 6.791240518728763886e-02
3.919999999999999929e+00 6.770125876749073790e-02
3.959999999999999964e+00 6.749801474027986026e-02
4.000000000000000000e+00 6.730253393848330268e-02
4.040000000000000036e+00 6.711467473293163122e-02
4.080000000000000071e+00 6.693429329750788526e-02
4.120000000000000107e+00 6.676124384668087608e-02
4.160000000000000142e+00 6.659537884783257866e-02
4.200000000000000178e+00 6.643654921048589013e-02
4.240000000000000213e+00 6.628460445438237592e-02
4.280000000000000249e+00 6.613939285820878700e-02
4.320000000000000284e+00 6.600076159064682813e-02
4.360000000000000320e+00 6.586855682527718858e-02
4.400000000000000355e+00 6.574262384076423604e-02
4.440000000000000391e+00 6.562280710763690461e-02
4.480000000000000426e+00 6.550895036288870155e-02
4.520000000000000462e+00 6.540089667351889346e-02
4.560000000000000497e+00 6.529848849006633649e-02
4.600000000000000533e+00 6.520156769109998474e-02
4.639999999999999680e+00 6.510997561956781421e-02
4.679999999999999716e+00 6.502355311183552478e-02
4.719999999999999751e+00 6.494214052018845718e-02
4.759999999999999787e+00 6.486557772951886958e-02
4.799999999999999822e+00 6.479370416886179318e-02
4.839999999999999858e+00 6.472635881840665961e-02
4.879999999999999893e+00 6.466338021256080870e-02
4.919999999999999929e+00 6.460460643961292437e-02
4.959999999999999964e+00 6.454987513848024772e-02
5.000000000000000000e+00 6.449902349303948679e-02
5.040000000000000036e+00 6.445188822446093480e-02
5.080000000000000071e+00 6.440830558196468381e-02
5.120000000000000107e+00 6.436811133238652671e-02
5.160000000000000142e+00 6.433114074891518874e-02
5.200000000000000178e+00 6.429722859934382251e-02
5.240000000000000213e+00 6.426620913415137526e-02
5.280000000000000249e+00 6.423791607472306708e-02
5.320000000000000284e+00 6.421218260198846561e-02
5.360000000000000320e+00 6.418884134575006395e-02
5.400000000000000355e+00 6.416772437495438242e-02
5.440000000000000391e+00 6.414866318914738685e-02
5.480000000000000426e+00 6.413148871134051465e-02
5.520000000000000462e+00 6.411603128250473183e-02
5.560000000000000497e+00 6.410212065789611113e-02
5.600000000000000533e+00 6.408958600540849704e-02
5.639999999999999680e+00 6.407825590613612510e-02
5.679999999999999716e+00 6.406795835732431721e-02
5.719999999999999751e+00 6.405852077787155263e-02
5.759999999999999787e+00 6.404977001654491020e-02
5.799999999999999822e+00 6.404153236305672181e-02
5.839999999999999858e+00 6.403363356214475388e-02
5.879999999999999893e+00 6.402589883079580491e-02
5.919999999999999929e+00 6.401815287873399707e-02
5.959999999999999964e+00 6.401021993230138207e-02
6.000000000000000000e+00 6.400192376184016263e-02
6.040000000000000036e+00 6.399308771268920337e-02
6.080000000000000071e+00 6.398353473988969975e-02
6.120000000000000107e+00 6.397308744669835678e-02
6.160000000000000142e+00 6.396156812699348160e-02
6.200000000000000178e+00 6.394879881165670132e-02
6.240000000000000213e+00 6.393460131899821042e-02
6.280000000000000249e+00 6.391879730930020986e-02
6.320000000000000284e+00 6.390120834353046897e-02
6.360000000000000320e+00 6.388165594628357480e-02
6.400000000000000355e+00 6.385996167299280712e-02
6.440000000000000391e+00 6.383594718144844360e-02
6.480000000000000426e+00 6.380943430765634306e-02
6.520000000000000462e+00 6.378024514605480644e-02
6.560000000000000497e+00 6.374820213410670178e-02
6.600000000000000533e+00 6.371312814126857405e-02
6.640000000000000568e+00 6.367484656233661500e-02
6.679999999999999716e+00 6.363318141515957038e-02
6.719999999999999751e+00 6.358795744268533334e-02
6.759999999999999787e+00 6.353900021932563924e-02
6.799999999999999822e+00 6.348613626159151091e-02
6.839999999999999858e+00 6.342919314294885591e-02
6.879999999999999893e+00 6.336799961283279270e-02
6.919999999999999929e+00 6.330238571977282735e-02
6.959999999999999964e+00 6.323218293852850280e-02
7.000000000000000000e+00 6.315722430114145691e-02
7.040000000000000036e+00 6.307734453182596568e-02
7.080000000000000071e+00 6.299238018558905861e-02
7.120000000000000107e+00 6.290216979036615530e-02
7.160000000000000142e+00 6.280655399263071481e-02
7.200000000000000178e+00 6.270537570632345181e-02
7.240000000000000213e+00 6.259848026487918604e-02
7.280000000000000249e+00 6.248571557614676641e-02
7.320000000000000284e+00 6.236693228037126085e-02
7.360000000000000320e+00 6.224198391069019759e-02
7.400000000000000355e+00 6.211072705598373600e-02
7.440000000000000391e+00 6.197302152606943421e-02
7.480000000000000426e+00 6.182873051918191115e-02
7.520000000000000462e+00 6.167772079016472370e-02
7.560000000000000497e+00 6.151986282046268545e-02
7.600000000000000533e+00 6.135503098947635292e-02
7.640000000000000568e+00 6.118310374623099623e-02
7.679999999999999716e+00 6.100396378047785034e-02
7.719999999999999751e+00 6.081749819781104988e-02
7.759999999999999787e+00 6.062359869358240061e-02
7.799999999999999822e+00 6.042216172591836215e-02
7.839999999999999858e+00 6.021308869037101524e-02
7.879999999999999893e+00 5.999628609804526919e-02
7.919999999999999929e+00 5.977166573892572082e-02
7.959999999999999964e+00 5.953914484813559865e-02
8.000000000000000000e+00 5.929864627244545161e-02
8.040000000000000924e+00 5.905009862620445166e-02
8.080000000000000071e+00 5.879343642839623962e-02
8.120000000000000995e+00 5.852860028603684012e-02
8.160000000000000142e+00 5.825553705725219217e-02
8.199999999999999289e+00 5.797420000217470837e-02
8.240000000000000213e+00 5.768454895945052813e-02
8.279999999999999361e+00 5.738655057665211640e-02
8.320000000000000284e+00 5.708017835505622278e-02
8.359999999999999432e+00 5.676541275046894514e-02
8.400000000000000355e+00 5.644224129835831438e-02
8.439999999999999503e+00 5.611065862405770210e-02
8.480000000000000426e+00 5.577066623359194092e-02
8.519999999999999574e+00 5.542227295736240622e-02
8.560000000000000497e+00 5.506549515207048023e-02
8.599999999999999645e+00 5.470035679778628007e-02
8.640000000000000568e+00 5.432688996972630247e-02
8.679999999999999716e+00 5.394513606875004502e-02
8.720000000000000639e+00 5.355514466846747479e-02
8.759999999999999787e+00 5.315697316927912169e-02
8.800000000000000711e+00 5.275068684069403324e-02
8.839999999999999858e+00 5.233635744132923706e-02
8.880000000000000782e+00 5.191405909376288486e-02
8.919999999999999929e+00 5.148387269594375398e-02
8.960000000000000853e+00 5.104588736831001949e-02
9.000000000000000000e+00 5.060020045531358340e-02
9.040000000000000924e+00 5.014692256911601476e-02
9.080000000000000071e+00 4.968619236377493781e-02
9.120000000000000995e+00 4.921816068088195190e-02
9.160000000000000142e+00 4.874298531787589484e-02
9.200000000000001066e+00 4.826083092850638051e-02
9.240000000000000213e+00 4.777183957546197318e-02
9.279999999999999361e+00 4.727604498793501475e-02
9.320000000000000284e+00 4.677346472865646226e-02
9.359999999999999432e+00 4.626413020507481877e-02
9.400000000000000355e+00 4.574808673879743326e-02
9.439999999999999503e+00 4.522517967968767844e-02
9.480000000000000426e+00 4.469443227086057624e-02
9.519999999999999574e+00 4.415472278535303302e-02
9.560000000000000497e+00 4.360500550414982829e-02
9.599999999999999645e+00 4.304431315547573716e-02
9.640000000000000568e+00 4.246958488506545615e-02
9.679999999999999716e+00 4.186938221535609073e-02
9.720000000000000639e+00 4.123086530416501111e-02
9.759999999999999787e+00 4.054212262062352468e-02
9.800000000000000711e+00 3.979230328029435132e-02
9.839999999999999858e+00 3.897450856814422410e-02
9.880000000000000782e+00 3.809368158794705639e-02
9.919999999999999929e+00 3.715762660272940027e-02
9.960000000000000853e+00 3.617408301630460621e-02
1.000000000000000000e+01 3.515064608253378603e-02
1.004000000000000092e+01 3.410004284298195215e-02
1.008000000000000007e+01 3.305482031072375787e-02
1.012000000000000099e+01 3.204904037385152699e-02
1.016000000000000014e+01 3.111283301411926425e-02
1.020000000000000107e+01 3.027291008841730829e-02
1.024000000000000021e+01 2.954751588012200988e-02
1.027999999999999936e+01 2.893087309353207376e-02
1.032000000000000028e+01 2.841264397657392721e-02
1.035999999999999943e+01 2.798378656454881055e-02
1.040000000000000036e+01 2.763634778401454287e-02
1.043999999999999950e+01 2.736187153754084112e-02
1.048000000000000043e+01 2.714708534221194416e-02
1.051999999999999957e+01 2.697809350842888740e-02
1.056000000000000050e+01 2.684157775153940897e-02
1.059999999999999964e+01 2.672461768314412026e-02
1.064000000000000057e+01 2.661644670165546830e-02
1.067999999999999972e+01 2.651395276829744685e-02
1.072000000000000064e+01 2.641593495728193283e-02
1.075999999999999979e+01 2.632121179894745394e-02
1.080000000000000071e+01 2.622861964149897709e-02
1.083999999999999986e+01 2.613718198877732282e-02
1.088000000000000078e+01 2.604661552472379085e-02
1.091999999999999993e+01 2.595681013672950649e-02
1.096000000000000085e+01 2.586765720513308636e-02
1.100000000000000000e+01 2.577904957511305967e-02
1.104000000000000092e+01 2.569090086305537632e-02
1.108000000000000007e+01 2.560320289921372283e-02
1.112000000000000099e+01 2.551596680430360739e-02
1.116000000000000014e+01 2.542920352876891152e-02
1.120000000000000107e+01 2.534292385527306055e-02
1.124000000000000021e+01 2.525713541106652110e-02
1.127999999999999936e+01 2.517183378085237691e-02
1.132000000000000028e+01 2.508701161963346540e-02
1.135999999999999943e+01 2.500266166233249682e-02
1.140000000000000036e+01 2.491877672289816853e-02
1.143999999999999950e+01 2.483535048125476430e-02
1.148000000000000043e+01 2.475237982487044422e-02
1.151999999999999957e+01 2.466986244794808561e-02
1.156000000000000050e+01 2.458779605829344503e-02
1.159999999999999964e+01 2.450617837731830506e-02
1.164000000000000057e+01 2.442500693242810605e-02
1.167999999999999972e+01 2.434427843967625071e-02
1.172000000000000064e+01 2.426398943609317863e-02
1.175999999999999979e+01 2.418413648844756556e-02
1.180000000000000071e+01 2.410471619301205598e-02
1.183999999999999986e+01 2.402572523004955357e-02
1.188000000000000078e+01 2.394716052630707984e-02
1.191999999999999993e+01 2.386901908814445181e-02
1.196000000000000085e+01 2.379129794627773964e-02
1.200000000000000000e+01 2.371399415560346627e-02
1.204000000000000092e+01 2.363710478059675296e-02
1.208000000000000007e+01 2.356062685223371186e-02
1.212000000000000099e+01 2.348455741173503808e-02
1.216000000000000014e+01 2.340889352489385067e-02
1.220000000000000107e+01 2.333363228188353386e-02
1.224000000000000021e+01 2.325877080086934112e-02
1.228000000000000114e+01 2.318430623912958594e-02
1.232000000000000028e+01 2.311023578128598363e-02
1.235999999999999943e+01 2.303655663528906064e-02
1.240000000000000036e+01 2.296326603223185214e-02
1.243999999999999950e+01 2.289036122516070748e-02
1.248000000000000043e+01 2.281783948590668590e-02
1.251999999999999957e+01 2.274569810795353322e-02
1.256000000000000050e+01 2.267393440726136328e-02
1.259999999999999964e+01 2.260254572208251697e-02
1.264000000000000057e+01 2.253152941304135612e-02
1.267999999999999972e+01 2.246088286373870008e-02
1.272000000000000064e+01 2.239060347976339418e-02
1.275999999999999979e+01 2.232068868824531663e-02
1.280000000000000071e+01 2.225113593767422127e-02
1.283999999999999986e+01 2.218194269765035379e-02
1.288000000000000078e+01 2.211310645849770898e-02
1.291999999999999993e+01 2.204462473129832623e-02
1.296000000000000085e+01 2.197649504778543053e-02
1.300000000000000000e+01 2.190871496016686543e-02
1.304000000000000092e+01 2.184128204096839540e-02
1.308000000000000007e+01 2.177419388291430488e-02
1.312000000000000099e+01 2.170744809869753697e-02
1.316000000000000014e+01 2.164104232078946366e-02
1.320000000000000107e+01 2.157497420126844659e-02
1.324000000000000021e+01 2.150924141164468548e-02
1.328000000000000114e+01 2.144384164267689255e-02
1.332000000000000028e+01 2.137877260421881809e-02
1.335999999999999943e+01 2.131403202505752562e-02
1.340000000000000036e+01 2.124961765274732337e-02
1.343999999999999950e+01 2.118552725344642965e-02
1.348000000000000043e+01 2.112175861175728461e-02
1.351999999999999957e+01 2.105830953056031865e-02
1.356000000000000050e+01 2.099517783085108960e-02
1.359999999999999964e+01 2.093236135158068126e-02
1.364000000000000057e+01 2.086985794949571676e-02
1.367999999999999972e+01 2.080766549898024897e-02
1.372000000000000064e+01 2.074578189189964922e-02
1.375999999999999979e+01 2.068420503744594283e-02
1.380000000000000071e+01 2.062293286198312037e-02
1.383999999999999986e+01 2.056196330889452362e-02
1.388000000000000078e+01 2.050129433843080398e-02
1.391999999999999993e+01 2.044092392755935891e-02
1.396000000000000085e+01 2.038085006981431649e-02
1.400000000000000000e+01 2.032107077514849411e-02
1.404000000000000092e+01 2.026158406978599905e-02
1.408000000000000007e+01 2.020238799607640412e-02
1.412000000000000099e+01 2.014348061234967624e-02
1.416000000000000014e+01 2.008485999277292988e-02
1.420000000000000107e+01 2.002652422720786404e-02
1.424000000000000021e+01 1.996847142106957657e-02
1.428000000000000114e+01 1.991069969518633950e-02
1.432000000000000028e+01 1.985320718566097736e-02
1.435999999999999943e+01 1.979599204373289068e-02
1.440000000000000036e+01 1.973905243564167203e-02
1.443999999999999950e+01 1.968238654249164846e-02
1.448000000000000043e+01 1.962599256011757567e-02
1.451999999999999957e+01 1.956986869895185194e-02
1.456000000000000050e+01 1.951401318389221762e-02
1.459999999999999964e+01 1.945842425417144278e-02
1.464000000000000057e+01 1.940310016322720904e-02
1.467999999999999972e+01 1.934803917857417718e-02
1.472000000000000064e+01 1.929323958167619008e-02
1.475999999999999979e+01 1.923869966782022420e-02
1.480000000000000071e+01 1.918441774599143404e-02
1.483999999999999986e+01 1.913039213874893549e-02
1.488000000000000078e+01 1.907662118210311925e-02
1.491999999999999993e+01 1.902310322539379345e-02
1.496000000000000085e+01 1.896983663116960650e-02
1.500000000000000000e+01 1.891681977506831647e-02
1.504000000000000092e+01 1.886405104569854538e-02
1.508000000000000007e+01 1.881152884452226212e-02
1.512000000000000099e+01 1.875925158573825413e-02
1.516000000000000014e+01 1.870721769616718461e-02
1.520000000000000107e+01 1.865542561513721873e-02
1.524000000000000021e+01 1.860387379437088498e-02
1.528000000000000114e+01 1.855256069787295653e-02
1.532000000000000028e+01 1.850148480181934910e-02
1.535999999999999943e+01 1.845064459444708052e-02
1.540000000000000036e+01 1.840003857594545156e-02
1.543999999999999950e+01 1.834966525834770892e-02
1.548000000000000043e+01 1.829952316542413429e-02
1.551999999999999957e+01 1.824961083257631289e-02
1.556000000000000050e+01 1.819992680673167967e-02
1.559999999999999964e+01 1.815046964623998407e-02
1.564000000000000057e+01 1.810123792076973742e-02
1.567999999999999972e+01 1.805223021120664142e-02
1.572000000000000064e+01 1.800344510955205479e-02
1.575999999999999979e+01 1.795488121882308358e-02
1.580000000000000071e+01 1.790653715295333070e-02
1.583999999999999986e+01 1.785841153669452328e-02
1.588000000000000078e+01 1.781050300551942703e-02
1.591999999999999993e+01 1.776281020552498632e-02
1.596000000000000085e+01 1.771533179333728211e-02
1.600000000000000000e+01 1.766806643601684032e-02
1.603999999999999915e+01 1.762101281096467922e-02
1.608000000000000185e+01 1.757416960582974808e-02
1.612000000000000099e+01 1.752753551841711860e-02
1.616000000000000014e+01 1.748110925659667261e-02
1.619999999999999929e+01 1.743488953821329887e-02
1.624000000000000199e+01 1.738887509099704132e-02
1.628000000000000114e+01 1.734306465247541229e-02
1.632000000000000028e+01 1.729745696988515408e-02
1.635999999999999943e+01 1.725205080008585315e-02
1.639999999999999858e+01 1.720684490947396728e-02
1.644000000000000128e+01 1.716183807389747712e-02
1.648000000000000043e+01 1.711702907857220665e-02
1.651999999999999957e+01 1.707241671799757457e-02
1.655999999999999872e+01 1.702799979587463555e-02
1.660000000000000142e+01 1.698377712502386824e-02
1.664000000000000057e+01 1.693974752730410122e-02
1.667999999999999972e+01 1.689590983353247283e-02
1.671999999999999886e+01 1.685226288340456804e-02
1.676000000000000156e+01 1.680880552541592909e-02
1.680000000000000071e+01 1.676553661678405888e-02
1.683999999999999986e+01 1.672245502337094472e-02
1.687999999999999901e+01 1.667955961960695260e-02
1.692000000000000171e+01 1.663684928824549908e-02
1.696000000000000085e+01 1.659432292096801528e-02
1.700000000000000000e+01 1.655197941744911486e-02
1.703999999999999915e+01 1.650981768531171665e-02
1.708000000000000185e+01 1.646783664087156721e-02
1.712000000000000099e+01 1.642603520840269990e-02
1.716000000000000014e+01 1.638441232023210570e-02
1.719999999999999929e+01 1.634296691666924442e-02
1.724000000000000199e+01 1.630169794593545537e-02
1.728000000000000114e+01 1.626060436409523802e-02
1.732000000000000028e+01 1.621968513498695322e-02
1.735999999999999943e+01 1.617893923015499905e-02
1.740000000000000213e+01 1.613836562878245146e-02
1.744000000000000128e+01 1.609796331762400334e-02
1.748000000000000043e+01 1.605773129094039200e-02
1.751999999999999957e+01 1.601766855043217086e-02
1.755999999999999872e+01 1.597777410517559754e-02
1.760000000000000142e+01 1.593804697155796687e-02
1.764000000000000057e+01 1.589848617321414428e-02
1.767999999999999972e+01 1.585909074096369595e-02
1.771999999999999886e+01 1.581985971274824793e-02
1.776000000000000156e+01 1.578079213356992430e-02
1.780000000000000071e+01 1.574188705543020858e-02
1.783999999999999986e+01 1.570314353726906878e-02
1.787999999999999901e+01 1.566456064490535580e-02
1.792000000000000171e+01 1.562613745097701096e-02
1.796000000000000085e+01 1.558787303488244624e-02
1.800000000000000000e+01 1.554976648272223677e-02
1.803999999999999915e+01 1.551181688724125735e-02
1.808000000000000185e+01 1.547402334777157017e-02
1.812000000000000099e+01 1.543638497017603244e-02
1.816000000000000014e+01 1.539890086679188141e-02
1.819999999999999929e+01 1.536157015637550603e-02
1.824000000000000199e+01 1.532439196404704676e-02
1.828000000000000114e+01 1.528736542123644397e-02
1.832000000000000028e+01 1.525048966562909426e-02
1.835999999999999943e+01 1.521376384111254761e-02
1.840000000000000213e+01 1.517718709772367461e-02
1.844000000000000128e+01 1.514075859159600551e-02
1.848000000000000043e+01 1.510447748490828176e-02
1.851999999999999957e+01 1.506834294583240912e-02
1.855999999999999872e+01 1.503235414848310900e-02
1.860000000000000142e+01 1.499651027286721602e-02
1.864000000000000057e+01 1.496081050483371276e-02
1.867999999999999972e+01 1.492525403602445143e-02
1.871999999999999886e+01 1.488984006382489296e-02
1.876000000000000156e+01 1.485456779131570822e-02
1.880000000000000071e+01 1.481943642722485799e-02
1.883999999999999986e+01 1.478444518587964177e-02
1.887999999999999901e+01 1.474959328715976133e-02
1.892000000000000171e+01 1.471487995645075382e-02
1.896000000000000085e+01 1.468030442459731903e-02
1.900000000000000000e+01 1.464586592785796157e-02
1.903999999999999915e+01 1.461156370785910742e-02
1.908000000000000185e+01 1.457739701155059790e-02
1.912000000000000099e+01 1.454336509116095980e-02
1.916000000000000014e+01 1.450946720415321502e-02
1.919999999999999929e+01 1.447570261318141538e-02
1.924000000000000199e+01 1.444207058604701777e-02
1.928000000000000114e+01 1.440857039565655515e-02
1.932000000000000028e+01 1.437520131997846451e-02
1.935999999999999943e+01 1.434196264200174840e-02
1.940000000000000213e+01 1.430885364969371361e-02
1.944000000000000128e+01 1.427587363595916523e-02
1.948000000000000043e+01 1.424302189859921221e-02
1.951999999999999957e+01 1.421029774027083616e-02
1.955999999999999872e+01 1.417770046844697360e-02
1.960000000000000142e+01 1.414522939537643173e-02
1.964000000000000057e+01 1.411288383804485715e-02
1.967999999999999972e+01 1.408066311813546516e-02
1.971999999999999886e+01 1.404856656199073885e-02
1.976000000000000156e+01 1.401659350057368920e-02
1.980000000000000071e+01 1.398474326943018910e-02
1.983999999999999986e+01 1.395301520865208436e-02
1.987999999999999901e+01 1.392140866283865172e-02
1.992000000000000171e+01 1.388992298106065705e-02
1.996000000000000085e+01 1.385855751682368159e-02
2.000000000000000000e+01 1.382731162803183325e-02
