# redshift; age of the universe [Gyr] assuming WMAP9 cosmology
9.999999999999999547e-07 1.376888501145438681e+01
1.021036794270710995e-06 1.376888471472062747e+01
1.042516135254610219e-06 1.376888441174455657e+01
1.064447332715860249e-06 1.376888410239484450e+01
1.086839892266210797e-06 1.376888378653741363e+01
1.109703519485016675e-06 1.376888346403536900e+01
1.133048124125906864e-06 1.376888313474892733e+01
1.156883824411960901e-06 1.376888279853536190e+01
1.181220951421228738e-06 1.376888245524895815e+01
1.206070053564530604e-06 1.376888210474091778e+01
1.231441901157432966e-06 1.376888174685932498e+01
1.257347491088417558e-06 1.376888138144906293e+01
1.283798051585239116e-06 1.376888100835175699e+01
1.310805047081577534e-06 1.376888062740569119e+01
1.338380183186042290e-06 1.376888023844575848e+01
1.366535411755723414e-06 1.376887984130337550e+01
1.395282936076472616e-06 1.376887943580639906e+01
1.424635216152146957e-06 1.376887902177908884e+01
1.454604974105149670e-06 1.376887859904199019e+01
1.485205199690552396e-06 1.376887816741187009e+01
1.516449155926235936e-06 1.376887772670165866e+01
1.548350384841449393e-06 1.376887727672033890e+01
1.580922713346335141e-06 1.376887681727287571e+01
1.614180259224896147e-06 1.376887634816013239e+01
1.648137437254056422e-06 1.376887586917878181e+01
1.682808965451426867e-06 1.376887538012122825e+01
1.718209871454536554e-06 1.376887488077549015e+01
1.754355499034230215e-06 1.376887437092515043e+01
1.791261514745103808e-06 1.376887385034921429e+01
1.828943914715842395e-06 1.376887331882206666e+01
1.867419031582388310e-06 1.376887277611331228e+01
1.906703541566997424e-06 1.376887222198774197e+01
1.946814471706178375e-06 1.376887165620517806e+01
1.987769207230708111e-06 1.376887107852039271e+01
2.029585499100874460e-06 1.376887048868300489e+01
2.072281471700277991e-06 1.376886988643737020e+01
2.115875630691442995e-06 1.376886927152245477e+01
2.160386871036709577e-06 1.376886864367174468e+01
2.205834485187858107e-06 1.376886800261310206e+01
2.252238171447994759e-06 1.376886734806868873e+01
2.299618042509388660e-06 1.376886667975480094e+01
2.347994634170873675e-06 1.376886599738177708e+01
2.397388914238664589e-06 1.376886530065386793e+01
2.447822291614386200e-06 1.376886458926908041e+01
2.499316625574338315e-06 1.376886386291909403e+01
2.551894235243913328e-06 1.376886312128908862e+01
2.605577909271352829e-06 1.376886236405761643e+01
2.660390915705008973e-06 1.376886159089648842e+01
2.716357012078363537e-06 1.376886080147058600e+01
2.773500455707259232e-06 1.376885999543776329e+01
2.831846014203695737e-06 1.376885917244866064e+01
2.891418976210837701e-06 1.376885833214657495e+01
2.952245162363814636e-06 1.376885747416730155e+01
3.014350936481164050e-06 1.376885659813897256e+01
3.077763216991643460e-06 1.376885570368189704e+01
3.142509488601464215e-06 1.376885479040839222e+01
3.208617814206930684e-06 1.376885385792263072e+01
3.276116847057740205e-06 1.376885290582044874e+01
3.345035843176103923e-06 1.376885193368918614e+01
3.415404674037153577e-06 1.376885094110749108e+01
3.487253839516105220e-06 1.376884992764516547e+01
3.560614481107752505e-06 1.376884889286294822e+01
3.635518395424130242e-06 1.376884783631234299e+01
3.711998047976053008e-06 1.376884675753541565e+01
3.790086587244613460e-06 1.376884565606460242e+01
3.869817859048659795e-06 1.376884453142250031e+01
3.951226421214589430e-06 1.376884338312166811e+01
4.034347558554678255e-06 1.376884221066440439e+01
4.119217298160546785e-06 1.376884101354254319e+01
4.205872425018303604e-06 1.376883979123722312e+01
4.294350497952270246e-06 1.376883854321867595e+01
4.384689865904016774e-06 1.376883726894598325e+01
4.476929684553911233e-06 1.376883596786684549e+01
4.571109933292320053e-06 1.376883463941735108e+01
4.667271432547793892e-06 1.376883328302172238e+01
4.765455861479868118e-06 1.376883189809207053e+01
4.865705776043974187e-06 1.376883048402813969e+01
4.968064627436430796e-06 1.376882904021704412e+01
5.072576780927407464e-06 1.376882756603301239e+01
5.179287535090162319e-06 1.376882606083710137e+01
5.288243141434711857e-06 1.376882452397693157e+01
5.399490824454583415e-06 1.376882295478639229e+01
5.513078802095225740e-06 1.376882135258537865e+01
5.629056306653120558e-06 1.376881971667945592e+01
5.747473606114430550e-06 1.376881804635959838e+01
5.868382025942601051e-06 1.376881634090185713e+01
5.991833971324305674e-06 1.376881459956705811e+01
6.117882949883312418e-06 1.376881282160047348e+01
6.246583594872297434e-06 1.376881100623149834e+01
6.377991688852424405e-06 1.376880915267332739e+01
6.512164187871130918e-06 1.376880726012259082e+01
6.649159246148466646e-06 1.376880532775903632e+01
6.789036241282888033e-06 1.376880335474513650e+01
6.931855799987156690e-06 1.376880134022575142e+01
7.077679824365735793e-06 1.376879928332776259e+01
7.226571518744879713e-06 1.376879718315967338e+01
7.378595417067294823e-06 1.376879503881124478e+01
7.533817410862950418e-06 1.376879284935307979e+01
7.692304777808373401e-06 1.376879061383623615e+01
7.854126210886752760e-06 1.376878833129180357e+01
8.019351848161375513e-06 1.376878600073050407e+01
8.188053303175590902e-06 1.376878362114222831e+01
8.360303695992112521e-06 1.376878119149564306e+01
8.536177684885362511e-06 1.376877871073769199e+01
8.715751498700547575e-06 1.376877617779319607e+01
8.899102969893351385e-06 1.376877359156433300e+01
9.086311568264871620e-06 1.376877095093020920e+01
9.277458435406058914e-06 1.376876825474633748e+01
9.472626419866768776e-06 1.376876550184416459e+01
9.671900113064806892e-06 1.376876269103054007e+01
9.875365885950217814e-06 1.376875982108723839e+01
1.008311192644094961e-05 1.376875689077039233e+01
1.029522827764606093e-05 1.376875389880996892e+01
1.051180687689290639e-05 1.376875084390922765e+01
1.073294159557554744e-05 1.376874772474414144e+01
1.095872827984122610e-05 1.376874453996284231e+01
1.118926479213286891e-05 1.376874128818501219e+01
1.142465105360550009e-05 1.376873796800131089e+01
1.166498908743485997e-05 1.376873457797273836e+01
1.191038306303731562e-05 1.376873111663003613e+01
1.216093934121981711e-05 1.376872758247302642e+01
1.241676652027965381e-05 1.376872397396999403e+01
1.267797548307422772e-05 1.376872028955698823e+01
1.294467944508077793e-05 1.376871652763716192e+01
1.321699400346724391e-05 1.376871268658008418e+01
1.349503718719543154e-05 1.376870876472101912e+01
1.377892950817805586e-05 1.376870476036022417e+01
1.406879401351222716e-05 1.376870067176219337e+01
1.436475633881149303e-05 1.376869649715490951e+01
1.466694476265996199e-05 1.376869223472909454e+01
1.497549026221195100e-05 1.376868788263741372e+01
1.529052656996113813e-05 1.376868343899364788e+01
1.561219023170425202e-05 1.376867890187192955e+01
1.594062066572385001e-05 1.376867426930587079e+01
1.627596022321609412e-05 1.376866953928771409e+01
1.661835424999019798e-05 1.376866470976748325e+01
1.696795114946503860e-05 1.376865977865206325e+01
1.732490244699180836e-05 1.376865474380432808e+01
1.768936285552934819e-05 1.376864960304219387e+01
1.806149034270107277e-05 1.376864435413765975e+01
1.844144619926291027e-05 1.376863899481588582e+01
1.882939510901118806e-05 1.376863352275417007e+01
1.922550522016138759e-05 1.376862793558094467e+01
1.962994821822844148e-05 1.376862223087477410e+01
2.004289940044002126e-05 1.376861640616327342e+01
2.046453775171563669e-05 1.376861045892206903e+01
2.089504602224367627e-05 1.376860438657367247e+01
2.133461080669065316e-05 1.376859818648638623e+01
2.178342262507673431e-05 1.376859185597316326e+01
2.224167600535242341e-05 1.376858539229042577e+01
2.270956956771283375e-05 1.376857879263689632e+01
2.318730611068525160e-05 1.376857205415236685e+01
2.367509269902773737e-05 1.376856517391647827e+01
2.417314075347719611e-05 1.376855814894742913e+01
2.468166614238503380e-05 1.376855097620071611e+01
2.520088927528075896e-05 1.376854365256778578e+01
2.573103519840386170e-05 1.376853617487470771e+01
2.627233369224510576e-05 1.376852853988078529e+01
2.682501937114033377e-05 1.376852074427717021e+01
2.738933178495884952e-05 1.376851278468539341e+01
2.796551552293127327e-05 1.376850465765595466e+01
2.855382031966161046e-05 1.376849635966677532e+01
2.915450116336917868e-05 1.376848788712170801e+01
2.976781840640817914e-05 1.376847923634896098e+01
3.039403787811173323e-05 1.376847040359951535e+01
3.103343100000976275e-05 1.376846138504549799e+01
3.168627490347127165e-05 1.376845217677852418e+01
3.235285254982079060e-05 1.376844277480799938e+01
3.303345285298201552e-05 1.376843317505940512e+01
3.372837080470149834e-05 1.376842337337250477e+01
3.443790760240625782e-05 1.376841336549959216e+01
3.516237077975183133e-05 1.376840314710358726e+01
3.590207433991592626e-05 1.376839271375621010e+01
3.665733889169650952e-05 1.376838206093603389e+01
3.742849178847293607e-05 1.376837118402654525e+01
3.821586727009003914e-05 1.376836007831412623e+01
3.901980660772772018e-05 1.376834873898601863e+01
3.984065825181749929e-05 1.376833716112824924e+01
4.067877798307068524e-05 1.376832533972348394e+01
4.153452906668447076e-05 1.376831326964887658e+01
4.240828240979117473e-05 1.376830094567383433e+01
4.330041672222016246e-05 1.376828836245775634e+01
4.421131868064165002e-05 1.376827551454770315e+01
4.514138309616315040e-05 1.376826239637608218e+01
4.609101308545248375e-05 1.376824900225818205e+01
4.706062024545979675e-05 1.376823532638974079e+01
4.805062483181558294e-05 1.376822136284443765e+01
4.906145594098170962e-05 1.376820710557129601e+01
5.009355169623368984e-05 1.376819254839209705e+01
5.114735943755657879e-05 1.376817768499867789e+01
5.222333591553467109e-05 1.376816250895021732e+01
5.332194748932000733e-05 1.376814701367043980e+01
5.444367032876648024e-05 1.376813119244476624e+01
5.558899062081515180e-05 1.376811503841740247e+01
5.675840478022172548e-05 1.376809854458838522e+01
5.795241966471710435e-05 1.376808170381053564e+01
5.917155279469365976e-05 1.376806450878637378e+01
6.041633257751414507e-05 1.376804695206495488e+01
6.168729853653816275e-05 1.376802902603863821e+01
6.298500154496724612e-05 1.376801072293980965e+01
6.431000406460925765e-05 1.376799203483749956e+01
6.566288038966502862e-05 1.376797295363395790e+01
6.704421689564471834e-05 1.376795347106114242e+01
6.845461229351946727e-05 1.376793357867716061e+01
6.989467788921937294e-05 1.376791326786257841e+01
7.136503784859263289e-05 1.376789252981672007e+01
7.286632946793497958e-05 1.376787135555384367e+01
7.439920345021376526e-05 1.376784973589925443e+01
7.596432418710083608e-05 1.376782766148533454e+01
7.756237004693847226e-05 1.376780512274747537e+01
7.919403366876467672e-05 1.376778210991996687e+01
8.086002226252222427e-05 1.376775861303173443e+01
8.256105791558401527e-05 1.376773462190205599e+01
8.429787790572658608e-05 1.376771012613611944e+01
8.607123502068686808e-05 1.376768511512056392e+01
8.788189788444306007e-05 1.376765957801885243e+01
8.973065129035772802e-05 1.376763350376660355e+01
9.161829654132987871e-05 1.376760688106679531e+01
9.354565179710302536e-05 1.376757969838486773e+01
9.551355242887824145e-05 1.376755194394374726e+01
9.752285138138931740e-05 1.376752360571873268e+01
9.957441954259293310e-05 1.376749467143231698e+01
1.016691461211358127e-04 1.376746512854884053e+01
1.038079390317651104e-04 1.376743496426910696e+01
1.059917252888428551e-04 1.376740416552479829e+01
1.082214514081420597e-04 1.376737271897287229e+01
1.104980838170928857e-04 1.376734061098974493e+01
1.128226092736609674e-04 1.376730782766542305e+01
1.151960352940357735e-04 1.376727435479748429e+01
1.176193905893180909e-04 1.376724017788490961e+01
1.200937255113919611e-04 1.376720528212184469e+01
1.226201125081784887e-04 1.376716965239117130e+01
1.251996465884644568e-04 1.376713327325798453e+01
1.278334457965117057e-04 1.376709612896290302e+01
1.305226516966491413e-04 1.376705820341525310e+01
1.332684298680591973e-04 1.376701948018612853e+01
1.360719704099743875e-04 1.376697994250125312e+01
1.389344884574992829e-04 1.376693957323376694e+01
1.418572247082863010e-04 1.376689835489678693e+01
1.448414459602885454e-04 1.376685626963585918e+01
1.478884456608275683e-04 1.376681329922124064e+01
1.509995444672096216e-04 1.376676942504000500e+01
1.541760908191375386e-04 1.376672462808802244e+01
1.574194615231621947e-04 1.376667888896170311e+01
1.607310623494312039e-04 1.376663218784965181e+01
1.641123286409890190e-04 1.376658450452407223e+01
1.675647259358968002e-04 1.376653581833203788e+01
1.710897506024384952e-04 1.376648610818657303e+01
1.746889304876892508e-04 1.376643535255751161e+01
1.783638255797294846e-04 1.376638352946222454e+01
1.821160286837872138e-04 1.376633061645609679e+01
1.859471661126071496e-04 1.376627659062284614e+01
1.898588983913397795e-04 1.376622142856460052e+01
1.938529209772624164e-04 1.376616510639182245e+01
1.979309649946374720e-04 1.376610759971294407e+01
2.020947979850331612e-04 1.376604888362385815e+01
2.063462246734251747e-04 1.376598893269715873e+01
2.106870877504179182e-04 1.376592772097115791e+01
2.151192686709189254e-04 1.376586522193866102e+01
2.196446884696148273e-04 1.376580140853552692e+01
2.242653085936047663e-04 1.376573625312898308e+01
2.289831317525459252e-04 1.376566972750569029e+01
2.338002027866875794e-04 1.376560180285955681e+01
2.387186095531616218e-04 1.376553244977931278e+01
2.437404838309219083e-04 1.376546163823579683e+01
2.488680022447165821e-04 1.376538933756900818e+01
2.541033872085017424e-04 1.376531551647486928e+01
2.594489078886978283e-04 1.376524014299170595e+01
2.649068811877129952e-04 1.376516318448646103e+01
2.704796727481548831e-04 1.376508460764062569e+01
2.761696979781670083e-04 1.376500437843583313e+01
2.819794230983383929e-04 1.376492246213920900e+01
2.879113662106318758e-04 1.376483882328837183e+01
2.939680983898045790e-04 1.376475342567614213e+01
3.001522447977829919e-04 1.376466623233494069e+01
3.064664858214863688e-04 1.376457720552080310e+01
3.129135582345807438e-04 1.376448630669715101e+01
3.194962563836780734e-04 1.376439349651815469e+01
3.262174333994838468e-04 1.376429873481176891e+01
3.330800024334284342e-04 1.376420198056242228e+01
3.400869379203083913e-04 1.376410319189333009e+01
3.472412768674939696e-04 1.376400232604845897e+01
3.545461201712548000e-04 1.376389933937408117e+01
3.620046339607762621e-04 1.376379418729999315e+01
3.696200509704534727e-04 1.376368682432029189e+01
3.773956719410486338e-04 1.376357720397379225e+01
3.853348670503295719e-04 1.376346527882398441e+01
3.934410773737991160e-04 1.376335100043863946e+01
4.017178163761590056e-04 1.376323431936893371e+01
4.101686714341435075e-04 1.376311518512816967e+01
4.187973053913948392e-04 1.376299354617004234e+01
4.276074581460417618e-04 1.376286934986644184e+01
4.366029482716816826e-04 1.376274254248482620e+01
4.457876746724593448e-04 1.376261306916507543e+01
4.551656182729625004e-04 1.376248087389590147e+01
4.647408437436722595e-04 1.376234589949077680e+01
4.745175012627045048e-04 1.376220808756330527e+01
4.844998283146203415e-04 1.376206737850212924e+01
4.946921515270697811e-04 1.376192371144531101e+01
5.050988885460806202e-04 1.376177702425414928e+01
5.157245499507892919e-04 1.376162725348649651e+01
5.265737412084596416e-04 1.376147433436947232e+01
5.376511646706205565e-04 1.376131820077166701e+01
5.489616216112045040e-04 1.376115878517470037e+01
5.605100143075559659e-04 1.376099601864424038e+01
5.723013481652172458e-04 1.376082983080042332e+01
5.843407338874200517e-04 1.376066014978758467e+01
5.966333896902059446e-04 1.376048690224348903e+01
6.091846435641563124e-04 1.376031001326779446e+01
6.219999355836919319e-04 1.376012940638993243e+01
6.350848202649621342e-04 1.375994500353631622e+01
6.484449689733275471e-04 1.375975672499685487e+01
6.620861723814977376e-04 1.375956448939076715e+01
6.760143429793697952e-04 1.375936821363170992e+01
6.902355176366773174e-04 1.375916781289216928e+01
7.047558602195377973e-04 1.375896320056710032e+01
7.195816642620540609e-04 1.375875428823686164e+01
7.347193556941115315e-04 1.375854098562931505e+01
7.501754956265578676e-04 1.375832320058121283e+01
7.659567831949830796e-04 1.375810083899870939e+01
7.820700584633115014e-04 1.375787380481714095e+01
7.985223053884879041e-04 1.375764199995989756e+01
8.153206548475194380e-04 1.375740532429650465e+01
8.324723877282088139e-04 1.375716367559977549e+01
8.499849380848947290e-04 1.375691694950216437e+01
8.678658963605904606e-04 1.375666503945113028e+01
8.861230126768944188e-04 1.375640783666364975e+01
9.047642001931208286e-04 1.375614523007974199e+01
9.237975385360888431e-04 1.375587710631507044e+01
9.432312773020617340e-04 1.375560334961253695e+01
9.630738396323660754e-04 1.375532384179292222e+01
9.833338258642158533e-04 1.375503846220446924e+01
1.004020017258353383e-03 1.375474708767143994e+01
1.025141379805093221e-03 1.375444959244162568e+01
1.046707068110446772e-03 1.375414584813278474e+01
1.068726429363985216e-03 1.375383572367794649e+01
1.091209007390187957e-03 1.375351908526962674e+01
1.114164546785001994e-03 1.375319579630288125e+01
1.137602997139438004e-03 1.375286571731718155e+01
1.161534517352005944e-03 1.375252870593715215e+01
1.185969480031869548e-03 1.375218461681200210e+01
1.210918475994643287e-03 1.375183330155381967e+01
1.236392318852745425e-03 1.375147460867450810e+01
1.262402049702339175e-03 1.375110838352151532e+01
1.288958941908851033e-03 1.375073446821217260e+01
1.316074505993182226e-03 1.375035270156677747e+01
1.343760494620688424e-03 1.374996291904023060e+01
1.372028907695134079e-03 1.374956495265231560e+01
1.400891997559784805e-03 1.374915863091657009e+01
1.430362274307936735e-03 1.374874377876767184e+01
1.460452511205139088e-03 1.374832021748738775e+01
1.491175750225504732e-03 1.374788776462898809e+01
1.522545307704473378e-03 1.374744623394011356e+01
1.554574780110488767e-03 1.374699543528411816e+01
1.587278049938110414e-03 1.374653517455977791e+01
1.620669291725073714e-03 1.374606525361939369e+01
1.654762978195954519e-03 1.374558547018521537e+01
1.689573886535051953e-03 1.374509561776419808e+01
1.725117104791257022e-03 1.374459548556099620e+01
1.761408038417635290e-03 1.374408485838924499e+01
1.798462416948605437e-03 1.374356351658101794e+01
1.836296300817558862e-03 1.374303123589446329e+01
1.874926088317925305e-03 1.374248778741959498e+01
1.914368522710660405e-03 1.374193293748215261e+01
1.954640699481249508e-03 1.374136644754557146e+01
1.995760073749396849e-03 1.374078807411094871e+01
2.037744467834562076e-03 1.374019756861500241e+01
2.080612078980679115e-03 1.373959467732599649e+01
2.124381487243351841e-03 1.373897914123759634e+01
2.169071663542999472e-03 1.373835069596053415e+01
2.214701977887382524e-03 1.373770907161219768e+01
2.261292207767138379e-03 1.373705399270395411e+01
2.308862546727897397e-03 1.373638517802621628e+01
2.357433613122761687e-03 1.373570234053129191e+01
2.407026459048886621e-03 1.373500518721381169e+01
2.457662579472056057e-03 1.373429341898883749e+01
2.509363921543237251e-03 1.373356673056754218e+01
2.562152894111086650e-03 1.373282481033039204e+01
2.616052377434610696e-03 1.373206734019789010e+01
2.671085733100107221e-03 1.373129399549866925e+01
2.727276814146768064e-03 1.373050444483505750e+01
2.784649975405253681e-03 1.372969834994595928e+01
2.843230084053797319e-03 1.372887536556702770e+01
2.903042530396332966e-03 1.372803513928813324e+01
2.964113238867408049e-03 1.372717731140797426e+01
3.026468679268552470e-03 1.372630151478588445e+01
3.090135878241075280e-03 1.372540737469072525e+01
3.155142430980178731e-03 1.372449450864680287e+01
3.221516513195499341e-03 1.372356252627684903e+01
3.289286893323294884e-03 1.372261102914185038e+01
3.358482944995482781e-03 1.372163961057784753e+01
3.429134659771047606e-03 1.372064785552953126e+01
3.501272660135215740e-03 1.371963534038059151e+01
3.574928212772148645e-03 1.371860163278087441e+01
3.650133242116796947e-03 1.371754629147008941e+01
3.726920344191894923e-03 1.371646886609823923e+01
3.805322800735986936e-03 1.371536889704248807e+01
3.885374593628715661e-03 1.371424591522063174e+01
3.967110419619534686e-03 1.371309944190090668e+01
4.050565705366264424e-03 1.371192898850822139e+01
4.135776622790055500e-03 1.371073405642668952e+01
4.222780104753305619e-03 1.370951413679840769e+01
4.311613861067456650e-03 1.370826871031840000e+01
4.402316394837478553e-03 1.370699724702574862e+01
4.494927019150257025e-03 1.370569920609069570e+01
4.589485874113981637e-03 1.370437403559783185e+01
4.686033944256056197e-03 1.370302117232516004e+01
4.784613076286938632e-03 1.370164004151902049e+01
4.885265997237740916e-03 1.370023005666489624e+01
4.988036332979335456e-03 1.369879061925383645e+01
5.092968627131053486e-03 1.369732111854465728e+01
5.200108360367199783e-03 1.369582093132168588e+01
5.309501970129648814e-03 1.369428942164805818e+01
5.421196870755206308e-03 1.369272594061446036e+01
5.535241474026305827e-03 1.369112982608333340e+01
5.651685210154110302e-03 1.368950040242832422e+01
5.770578549202941970e-03 1.368783698026907203e+01
5.891973022965507970e-03 1.368613885620114523e+01
6.015921247298211885e-03 1.368440531252112002e+01
6.142476944926423578e-03 1.368263561694670472e+01
6.271694968729432142e-03 1.368082902233187781e+01
6.403631325515246608e-03 1.367898476637689420e+01
6.538343200295597228e-03 1.367710207133319500e+01
6.675888981071517909e-03 1.367518014370305934e+01
6.816328284140432507e-03 1.367321817393395911e+01
6.959721979935522794e-03 1.367121533610759698e+01
7.106132219408778719e-03 1.366917078762346094e+01
7.255622460968952012e-03 1.366708366887694126e+01
7.408257497986313334e-03 1.366495310293183074e+01
7.564103486875903282e-03 1.366277819518722403e+01
7.723227975771686585e-03 1.366055803303869531e+01
7.885699933803795927e-03 1.365829168553374551e+01
8.051589780991784753e-03 1.365597820302139098e+01
8.220969418766675696e-03 1.365361661679585659e+01
8.393912261135077005e-03 1.365120593873433208e+01
8.570493266498982812e-03 1.364874516092869783e+01
8.750788970144834922e-03 1.364623325531114162e+01
8.934877517416187076e-03 1.364366917327370032e+01
9.122838697584073273e-03 1.364105184528152037e+01
9.314753978430038647e-03 1.363838018047993117e+01
9.510706541556557259e-03 1.363565306629514673e+01
9.710781318440398976e-03 1.363286936802867899e+01
9.915065027244292575e-03 1.363002792844523015e+01
1.012364621040315153e-02 1.362712756735423092e+01
1.033661527300086536e-02 1.362416708118478681e+01
1.055406452195449540e-02 1.362114524255409620e+01
1.077608820602266038e-02 1.361806079982928708e+01
1.100278255665579526e-02 1.361491247668259064e+01
1.123424582970553032e-02 1.361169897163987663e+01
1.147057834801166153e-02 1.360841895762242615e+01
1.171188254488485410e-02 1.360507108148208033e+01
1.195826300850432768e-02 1.360165396352950928e+01
1.220982652724928591e-02 1.359816619705580720e+01
1.246668213598412303e-02 1.359460634784724142e+01
1.272894116331716938e-02 1.359097295369321223e+01
1.299671727985385675e-02 1.358726452388741812e+01
1.327012654746473688e-02 1.358347953872219094e+01
1.354928746959005101e-02 1.357961644897603648e+01
1.383432104260256743e-02 1.357567367539436987e+01
1.412535080825076499e-02 1.357164960816351851e+01
1.442250290720555744e-02 1.356754260637784704e+01
1.472590613373317252e-02 1.356335099750031503e+01
1.503569199151834866e-02 1.355907307681622598e+01
1.535199475066169501e-02 1.355470710688034863e+01
1.567495150587639927e-02 1.355025131695750318e+01
1.600470223590889224e-02 1.354570390245651801e+01
1.634138986420969469e-02 1.354106302435781828e+01
1.668516032088059042e-02 1.353632680863452364e+01
1.703616260592478657e-02 1.353149334566735362e+01
1.739454885382800409e-02 1.352656068965324287e+01
1.776047439949781509e-02 1.352152685800790977e+01
1.813409784559031832e-02 1.351638983076243328e+01
1.851558113125294225e-02 1.351114754995401412e+01
1.890508960231376823e-02 1.350579791901100712e+01
1.930279208294699914e-02 1.350033880213244153e+01
1.970886094884630527e-02 1.349476802366215367e+01
2.012347220193723418e-02 1.348908336745774683e+01
2.054680554666175885e-02 1.348328257625457205e+01
2.097904446786718474e-02 1.347736335102493044e+01
2.142037631033380518e-02 1.347132335033273520e+01
2.187099235997555166e-02 1.346516018968390149e+01
2.233108792674864951e-02 1.345887144087270038e+01
2.280086242930481552e-02 1.345245463132437358e+01
2.328051948142488559e-02 1.344590724343430210e+01
2.377026698027094598e-02 1.343922671390410173e+01
2.427031719649478184e-02 1.343241043307488880e+01
2.478088686624234024e-02 1.342545574425819410e+01
2.530219728509324265e-02 1.341835994306484459e+01
2.583447440397674405e-02 1.341112027673221263e+01
2.637794892710515135e-02 1.340373394345035507e+01
2.693285641196798211e-02 1.339619809168737952e+01
2.749943737142915290e-02 1.338850981951465435e+01
2.807793737797220635e-02 1.338066617393226387e+01
2.866860717013857210e-02 1.337266415019533206e+01
2.927170276120460643e-02 1.336450069114174966e+01
2.988748555014547267e-02 1.335617268652192280e+01
3.051622243493272782e-02 1.334767697233116834e+01
3.115818592821572447e-02 1.333901033014541859e+01
3.181365427543616370e-02 1.333016948646099920e+01
3.248291157542803481e-02 1.332115111203909663e+01
3.316624790355401226e-02 1.331195182125580345e+01
3.386395943743247816e-02 1.330256817145853887e+01
3.457634858530951594e-02 1.329299666232961030e+01
3.530372411713105646e-02 1.328323373525791418e+01
3.604640129837308193e-02 1.327327577271966064e+01
3.680470202668644636e-02 1.326311909766908848e+01
3.757895497141674340e-02 1.325275997294022012e+01
3.836949571605874354e-02 1.324219460066074205e+01
3.917666690370839866e-02 1.323141912167906931e+01
4.000081838557388580e-02 1.322042961500579317e+01
4.084230737261135974e-02 1.320922209727075725e+01
4.170149859035012646e-02 1.319779252219701249e+01
4.257876443697566210e-02 1.318613678009289636e+01
4.347448514473738201e-02 1.317425069736378695e+01
4.438904894475230456e-02 1.316213003604477372e+01
4.532285223527567075e-02 1.314977049335589498e+01
4.627629975351099656e-02 1.313716770128140610e+01
4.724980475103535832e-02 1.312431722617471763e+01
4.824378917291415048e-02 1.311121456839070909e+01
4.925868384058439825e-02 1.309785516194710908e+01
5.029492863858477103e-02 1.308423437421682856e+01
5.135297270521476526e-02 1.307034750565304293e+01
5.243327462720380472e-02 1.305618978954903220e+01
5.353630263847609233e-02 1.304175639183478808e+01
5.466253482309622880e-02 1.302704241091245940e+01
5.581245932248528330e-02 1.301204287753282784e+01
5.698657454699482955e-02 1.299675275471505032e+01
5.818538939193249049e-02 1.298116693771197383e+01
5.940942345813190334e-02 1.296528025402347772e+01
6.065920727716217487e-02 1.294908746346022888e+01
6.193528254127624727e-02 1.293258325826050736e+01
6.323820233819543724e-02 1.291576226326269428e+01
6.456853139083378046e-02 1.289861903613614658e+01
6.592684630206468999e-02 1.288114806767331366e+01
6.731373580463800854e-02 1.286334378214593954e+01
6.872980101635316197e-02 1.284520053772840065e+01
7.017565570060108060e-02 1.282671262699114223e+01
7.165192653238702802e-02 1.280787427746753160e+01
7.315925336994894002e-02 1.278867965229724213e+01
7.469828953209137201e-02 1.276912285094953603e+01
7.626970208135198936e-02 1.274919791002993996e+01
7.787417211312595844e-02 1.272889880417372410e+01
7.951239505087173698e-02 1.270821944702988660e+01
8.118508094752840965e-02 1.268715369233923518e+01
8.289295479327259131e-02 1.266569533511045265e+01
8.463675682975017878e-02 1.264383811289787651e+01
8.641724287091782919e-02 1.262157570718511224e+01
8.823518463063538542e-02 1.259890174487832226e+01
9.009137005714826230e-02 1.257580979991346304e+01
9.198660367460698151e-02 1.255229339498157337e+01
9.392170693177130658e-02 1.252834600337637738e+01
9.589751855804898306e-02 1.250396105096866961e+01
9.791489492702634689e-02 1.247913191831165314e+01
9.997471042764448368e-02 1.245385194288200381e+01
1.020778578431849465e-01 1.242811442146095402e+01
1.042252487382269027e-01 1.240191261266014955e+01
1.064178138537466567e-01 1.237523973959684298e+01
1.086565035105267474e-01 1.234808899272318783e+01
1.109422880210527013e-01 1.232045353281429279e+01
1.132761581100735493e-01 1.229232649411990508e+01
1.156591253440116956e-01 1.226370098768441963e+01
1.180922225694040484e-01 1.223457010484008833e+01
1.205765043605676046e-01 1.220492692087820252e+01
1.231130474766825994e-01 1.217476449890312651e+01
1.257029513284898536e-01 1.214407589387393749e+01
1.283473384548084739e-01 1.211285415683842537e+01
1.310473550090756056e-01 1.208109233936426286e+01
1.338041712561226226e-01 1.204878349817199279e+01
1.366189820794006526e-01 1.201592069997448142e+01
1.394930074988789404e-01 1.198249702652729454e+01
1.424274931998356086e-01 1.194850557989460782e+01
1.454237110727736315e-01 1.191393948793485436e+01
1.484829597646951660e-01 1.187879191001030499e+01
1.516065652419713305e-01 1.184305604292474534e+01
1.547958813650557874e-01 1.180672512709300470e+01
1.580522904752858504e-01 1.176979245294604404e+01
1.613772039940294112e-01 1.173225136757515585e+01
1.647720630344343684e-01 1.169409528161832768e+01
1.682383390260503708e-01 1.165531767639185645e+01
1.717775343525875242e-01 1.161591211126978074e+01
1.753911830030932539e-01 1.157587223131347720e+01
1.790808512368259331e-01 1.153519177515342697e+01
1.828481382621188478e-01 1.149386458312461023e+01
1.866946769295215469e-01 1.145188460565679556e+01
1.906221344395247486e-01 1.140924591192039728e+01
1.946322130651732263e-01 1.136594269872804830e+01
1.987266508898784534e-01 1.132196929969161481e+01
2.029072225607562452e-01 1.127732019463371316e+01
2.071757400578082275e-01 1.123199001925230078e+01
2.115340534792870542e-01 1.118597357503604606e+01
2.159840518435803824e-01 1.113926583942777704e+01
2.205276639079683521e-01 1.109186197623227521e+01
2.251668590046007890e-01 1.104375734626414385e+01
2.299036478940632289e-01 1.099494751823048233e+01
2.347400836368966071e-01 1.094542827984228417e+01
2.396782624834554731e-01 1.089519564914755456e+01
2.447203247824814021e-01 1.084424588607813789e+01
2.498684559087920309e-01 1.079257550420129697e+01
2.551248872104860399e-01 1.074018128266584071e+01
2.604918969760713354e-01 1.068706027833169614e+01
2.659718114219442042e-01 1.063320983807046005e+01
2.715670057006359661e-01 1.057862761122333595e+01
2.772799049302738239e-01 1.052331156220160047e+01
2.831129852456942819e-01 1.046725998321336526e+01
2.890687748716747607e-01 1.041047150709901459e+01
2.951498552187366564e-01 1.035294512025646796e+01
3.013588620020033471e-01 1.029468017563572602e+01
3.076984863835957040e-01 1.023567640578085758e+01
3.141714761390565491e-01 1.017593393589597284e+01
3.207806368483194226e-01 1.011545329691015382e+01
3.275288331117252039e-01 1.005423543851489576e+01
3.344189897916232668e-01 9.992281742145758372e+00
3.414540932800886330e-01 9.929594033878583303e+00
3.486371927933140102e-01 9.866174597208718922e+00
3.559714016932251646e-01 9.802026185680421833e+00
3.634598988369028838e-01 9.737152035331645195e+00
3.711059299543882362e-01 9.671555876918057848e+00
3.789128090554795270e-01 9.605241947878369047e+00
3.868839198661168655e-01 9.538215004001802555e+00
3.950227172949865584e-01 9.470480330756641862e+00
4.033327289309792674e-01 9.402043754237714879e+00
4.118175565721446940e-01 9.332911651689158816e+00
4.204808777868197511e-01 9.263090961557463032e+00
4.293264475075890818e-01 9.192589193028748440e+00
4.383580996587823075e-01 9.121414435003190491e+00
4.475797488182038930e-01 9.049575364458377180e+00
4.569953919138289300e-01 8.977081254152750489e+00
4.666091099561830990e-01 8.903941979619766300e+00
4.764250698071718637e-01 8.830168025402615584e+00
4.864475259861144041e-01 8.755770490479589441e+00
4.966808225137806510e-01 8.680761092829579084e+00
5.071293947952105752e-01 8.605152173087974532e+00
5.177977715421475668e-01 8.528956697243236462e+00
5.286905767359133534e-01 8.452188258325342929e+00
5.398125316315702804e-01 8.374861077038284307e+00
5.511684568042553023e-01 8.296990001289945127e+00
5.627632742385516584e-01 8.218590504574560640e+00
5.746020094618209395e-01 8.139678683164532913e+00
5.866897937224063719e-01 8.060271252070968728e+00
5.990318662136705496e-01 7.980385539734522915e+00
6.116335763448075280e-01 7.900039481411504916e+00
6.245003860594324774e-01 7.819251611223043241e+00
6.376378722029455437e-01 7.738041052839083278e+00
6.510517289396928753e-01 7.656427508772805979e+00
6.647477702209878547e-01 7.574431248265357297e+00
6.787319323050405862e-01 7.492073093745618806e+00
6.930102763299053059e-01 7.409374405854565637e+00
7.075889909405460587e-01 7.326357067029132253e+00
7.224743949711822655e-01 7.243043463646047009e+00
7.376729401840473876e-01 7.159456466732065927e+00
7.531912140657712751e-01 7.075619411252983326e+00
7.690359426825799094e-01 6.991556074000195409e+00
7.852139935955755323e-01 6.907290650099959350e+00
8.017323788373290627e-01 6.822847728177279691e+00
8.185982579510976409e-01 6.738252264212825970e+00
8.358189410939789177e-01 6.653529554138177815e+00
8.534018922053364653e-01 6.568705205221422538e+00
8.713547322418956353e-01 6.483805106301645083e+00
8.896852424808787685e-01 6.398855396937742412e+00
9.084013678926384783e-01 6.313882435543097138e+00
9.275112205842283020e-01 6.228912766584074667e+00
9.470230833154347216e-01 6.143973086926067140e+00
9.669454130887559229e-01 6.059090211416608973e+00
9.872868448149136889e-01 5.974291037800160353e+00
1.008056195055464510e+00 5.889602511064091495e+00
1.029262465844161811e+00 5.805051587319562501e+00
1.050914848588690109e+00 5.720665197325032203e+00
1.073022728054485730e+00 5.636470209763168704e+00
1.095595686432367266e+00 5.552493394384648617e+00
1.118643507491723366e+00 5.468761385134418340e+00
1.142176180821093290e+00 5.385300643377075147e+00
1.166203906157933012e+00 5.302137421339071288e+00
1.190737097809479339e+00 5.219297725885037487e+00
1.215786389166600756e+00 5.136807282745041725e+00
1.241362637312629191e+00 5.054691501307909896e+00
1.267476927729122016e+00 4.972975440093907018e+00
1.294140579100632404e+00 4.891683773016917591e+00
1.321365148220553953e+00 4.810840756542981822e+00
1.349162435000157201e+00 4.730470197847883362e+00
1.377544487583026944e+00 4.650595424071553019e+00
1.406523607567063072e+00 4.571239252762122618e+00
1.436112355336352397e+00 4.492423963596243297e+00
1.466323555505189447e+00 4.414171271456255319e+00
1.497170302476649617e+00 4.336502300937906895e+00
1.528665966118068820e+00 4.259437562355404161e+00
1.560824197555935600e+00 4.182996929303036460e+00
1.593658935092667317e+00 4.107199617825145310e+00
1.627184410247892066e+00 4.032064167238204710e+00
1.661415153926784960e+00 3.957608422641152313e+00
1.696366002718184385e+00 3.883849519141865603e+00
1.732052105325198710e+00 3.810803867819884339e+00
1.768488929131076581e+00 3.738487143437573490e+00
1.805692266903237142e+00 3.666914273904008592e+00
1.843678243638294134e+00 3.596099431488601894e+00
1.882463323551102574e+00 3.526056025773743663e+00
1.922064317210805839e+00 3.456796698329010820e+00
1.962498388827044193e+00 3.388333319082430961e+00
2.003783063689400290e+00 3.320676984358208017e+00
2.045936235763373467e+00 3.253838016544010170e+00
2.088976175446120465e+00 3.187825965345593371e+00
2.132921537485396701e+00 3.122649610581101687e+00
2.177791369065045668e+00 3.058316966463028752e+00
2.223605118060596908e+00 2.994835287311307770e+00
2.270382641468542406e+00 2.932211074637404380e+00
2.318144214012909377e+00 2.870450085536038198e+00
2.366910536932937958e+00 2.809557342318218964e+00
2.416702746955574188e+00 2.749537143317229759e+00
2.467542425456745736e+00 2.690393074797078565e+00
2.519451607815330618e+00 2.632128023891760815e+00
2.572452792963953350e+00 2.574744192502520068e+00
2.626568953140651974e+00 2.518243112079977752e+00
2.681823543845708535e+00 2.462625659217673402e+00
2.738240514007945325e+00 2.407892071983866789e+00
2.795844316364856308e+00 2.354041966919083517e+00
2.854659918061160262e+00 2.301074356627646811e+00
2.914712811470257403e+00 2.248987667892861531e+00
2.976029025243368764e+00 2.197779760246779457e+00
3.038635135591078118e+00 2.147447944927384000e+00
3.102558277802261788e+00 2.097989004157795545e+00
3.167826158005278891e+00 2.049399210684434092e+00
3.234467065176619638e+00 2.001674347513227037e+00
3.302509883402130253e+00 1.954809727785465467e+00
3.371984104396250626e+00 1.908800214737421896e+00
3.442919840284541788e+00 1.863640241690607935e+00
3.515347836655156932e+00 1.819323832022130993e+00
3.589299485884867469e+00 1.775844619067515229e+00
3.664806840745395977e+00 1.733195865911097089e+00
3.741902628296051248e+00 1.691370485021907344e+00
3.820620264068547822e+00 1.650361057695893363e+00
3.900993866550275246e+00 1.610159853267982166e+00
3.983058271972198749e+00 1.570758848060396451e+00
4.066849049407931460e+00 1.532149744036233940e+00
4.152402516190362824e+00 1.494323987130143028e+00
4.239755753652650228e+00 1.457272785230399048e+00
4.328946623200303989e+00 1.420987125789319849e+00
4.420013782721458284e+00 1.385457793041324992e+00
4.512996703342276206e+00 1.350675384810434032e+00
4.607935686534884390e+00 1.316630328891144730e+00
4.704871881585195759e+00 1.283312898988911321e+00
4.803847303428156579e+00 1.250713230208498006e+00
4.904904850858283538e+00 1.218821334080417707e+00
5.008088325123202011e+00 1.187627113117660560e+00
5.113442448908378068e+00 1.157120374896579262e+00
5.221012885721184382e+00 1.127290845657565210e+00
5.330846259682831878e+00 1.098128183422638182e+00
5.442990175736568403e+00 1.069621990628658814e+00
5.557493240281039526e+00 1.041761826276146330e+00
5.674405082237710118e+00 1.014537217595019136e+00
5.793776374561422138e+00 9.879376712297573970e-01
5.915658856203576121e+00 9.619526839475401880e-01
6.040105354537240068e+00 9.365717528739803122e-01
6.167169808254072016e+00 9.117843852619336165e-01
6.296907290742852936e+00 8.875801077997397259e-01
6.429374033959950552e+00 8.639484754659508825e-01
6.564627452801817142e+00 8.408790799383704107e-01
6.702726169990284255e+00 8.183615575657363639e-01
6.843730041481279613e+00 7.963855969109949751e-01
6.987700182408206118e+00 7.749409458755115443e-01
7.134698993570936842e+00 7.540174184140631120e-01
7.284790188482136664e+00 7.336049008507202762e-01
7.438038820982544763e+00 7.136933578060753458e-01
7.594511313437116051e+00 6.942728377465137157e-01
7.754275485524479095e+00 6.753334781663793418e-01
7.917400583631875044e+00 6.568655104141041257e-01
8.083957310868562729e+00 6.388592641734185396e-01
8.254017857710513439e+00 6.213051716108696221e-01
8.427655933289944556e+00 6.041937712008634831e-01
8.604946797342901021e+00 5.875157112395151815e-01
8.785967292829035102e+00 5.712617530584842562e-01
8.970795879237474679e+00 5.554227739499765226e-01
9.159512666593535357e+00 5.399897698139519697e-01
9.352199450180634699e+00 5.249538575385309658e-01
9.548939745992740313e+00 5.103062771244121221e-01
9.749818826932624916e+00 4.960383935639869901e-01
9.954923759771510561e+00 4.821416984856828902e-01
1.016434344288643743e+01 4.686078115738468997e-01
1.037816864479128931e+01 4.554284817743470826e-01
1.059649204347852880e+01 4.425955882958021448e-01
1.081940826658841104e+01 4.301011414161844959e-01
1.104701393242346086e+01 4.179372831042684755e-01
1.127940769182553105e+01 4.060962874652201404e-01
1.151669027093393893e+01 3.945705610193344093e-01
1.175896451484310035e+01 3.833526428227110872e-01
1.200633543217844412e+01 3.724352044384152127e-01
1.225891024061033008e+01 3.618110497663900582e-01
1.251679841332516041e+01 3.514731147401841116e-01
1.278011172647427074e+01 3.414144668982542763e-01
1.304896430762081039e+01 3.316283048373933617e-01
1.332347268520607919e+01 3.221079575555364505e-01
1.360375583905619656e+01 3.128468836909991113e-01
1.388993525195143341e+01 3.038386706649025548e-01
1.418213496228023018e+01 2.950770337333294413e-01
1.448048161780117660e+01 2.865558149554760514e-01
1.478510453053567275e+01 2.782689820838640249e-01
1.509613573281550813e+01 2.702106273823998706e-01
1.541371003450950816e+01 2.623749663778575103e-01
1.573796508145387740e+01 2.547563365501267496e-01
1.606904141511205708e+01 2.473491959663308981e-01
1.640708253348930157e+01 2.401481218637218085e-01
1.675223495332892654e+01 2.331478091860172963e-01
1.710464827361671780e+01 2.263430690776578325e-01
1.746447524042166677e+01 2.197288273402303871e-01
1.783187181310034219e+01 2.133001228551371919e-01
1.820699723189422414e+01 2.070521059763620331e-01
1.859001408694902224e+01 2.009800368970179330e-01
1.898108838878578908e+01 1.950792839931695666e-01
1.938038964025485811e+01 1.893453221482389037e-01
1.978809091000311682e+01 1.837737310611473607e-01
2.020436890748701941e+01 1.783601935411601447e-01
2.062940405956337031e+01 1.731004937922558662e-01
2.106338058869177488e+01 1.679905156896678020e-01
2.150648659278177277e+01 1.630262410511181814e-01
2.195891412671997145e+01 1.582037479050975581e-01
2.242085928561198571e+01 1.535192087584186238e-01
2.289252228977596459e+01 1.489688888651254373e-01
2.337410757152364837e+01 1.445491444987258012e-01
2.386582386376725751e+01 1.402564212295748236e-01
2.436788429049040516e+01 1.360872522091263748e-01
2.488050645912193914e+01 1.320382564626565447e-01
2.540391255485358357e+01 1.281061371919426650e-01
2.593832943694117077e+01 1.242876800892934452e-01
2.648398873703208167e+01 1.205797516642080208e-01
2.704112695956085233e+01 1.169792975838590543e-01
2.760998558425730920e+01 1.134833410284912247e-01
2.819081117081062615e+01 1.100889810627529303e-01
2.878385546573548837e+01 1.067933910238814399e-01
2.938937551148604399e+01 1.035938169275934795e-01
3.000763375786584675e+01 1.004875758924468065e-01
3.063889817578091268e+01 9.747205458337872275e-02
3.128344237338607670e+01 9.454470767504784268e-02
3.194154571467470660e+01 9.170305633554598490e-02
3.261349344056282717e+01 8.894468673098619715e-02
3.329957679252112968e+01 8.626724855140863180e-02
3.400009313880713790e+01 8.366845355839978848e-02
3.471534610335330484e+01 8.114607415475948160e-02
3.544564569736607496e+01 7.869794197650700762e-02
3.619130845369407723e+01 7.632194650746476627e-02
3.695265756402228163e+01 7.401603371662252018e-02
3.773002301895265020e+01 7.177820471843512906e-02
3.852374175103162202e+01 6.960651445617276056e-02
3.933415778078607161e+01 6.749907040840608108e-02
4.016162236583215162e+01 6.545403131866973923e-02
4.100649415312015122e+01 6.346960594832315450e-02
4.186913933438253821e+01 6.154405185259008426e-02
4.274993180485166988e+01 5.967567417973534960e-02
4.364925332531726099e+01 5.786282449330629185e-02
4.456749368759210483e+01 5.610389961734859460e-02
4.550505088345928328e+01 5.439734050447644215e-02
4.646233127717285072e+01 5.274163112666125502e-02
4.743974978158835398e+01 5.113529738857922752e-02
4.843773003799763188e+01 4.957690606334529126e-02
4.945670459974722633e+01 4.806506375043947260e-02
5.049711511971953826e+01 4.659841585561916993e-02
5.155941254175748867e+01 4.517564559259694412e-02
5.264405729611715401e+01 4.379547300624826028e-02
5.375151949903109028e+01 4.245665401710645159e-02
5.488227915647042465e+01 4.115797948688688923e-02
5.603682637219282014e+01 3.989827430477699277e-02
5.721566156016819349e+01 3.867639649421608650e-02
5.841929566147207709e+01 3.749123633988689364e-02
5.964825036574242745e+01 3.634171553462835907e-02
6.090305833729441076e+01 3.522678634597806169e-02
6.218426344599317446e+01 3.414543080204346381e-02
6.349242100298222624e+01 3.309665989640138417e-02
6.482809800137133038e+01 3.207951281171741303e-02
6.619187336198780258e+01 3.109305616177626685e-02
6.758433818429689666e+01 3.013638325161161965e-02
6.900609600260210641e+01 2.920861335542032991e-02
7.045776304763377595e+01 2.830889101194789328e-02
7.193996851364148881e+01 2.743638533702798601e-02
7.345335483110439156e+01 2.659028935296113214e-02
7.499857794517987486e+01 2.576981933441526221e-02
7.657630760000850501e+01 2.497421417053449083e-02
7.818722762900056011e+01 2.420273474294054941e-02
7.983203625122925473e+01 2.345466331931413129e-02
8.151144637405830906e+01 2.272930296224503002e-02
8.322618590213745904e+01 2.202597695304035069e-02
8.497699805289666131e+01 2.134402823018486176e-02
8.676464167867823107e+01 2.068281884214731234e-02
8.858989159564454496e+01 2.004172941423120607e-02
9.045353891960670012e+01 1.942015862916968150e-02
9.235639140891622390e+01 1.881752272116915883e-02
9.429927381457103763e+01 1.823325498310796738e-02
9.628302823768561325e+01 1.766680528660070221e-02
9.830851449448286417e+01 1.711763961464141809e-02
1.003766104889627115e+02 1.658523960654426782e-02
1.024882125934100969e+02 1.606910211490249207e-02
1.046442360369107547e+02 1.556873877429017748e-02
1.068456153020347585e+02 1.508367558143823561e-02
1.090933045298714035e+02 1.461345248661503719e-02
1.113882779335785642e+02 1.415762299595223032e-02
1.137315302206357899e+02 1.371575378445501550e-02
1.161240770239806892e+02 1.328742431944384544e-02
1.185669553422106048e+02 1.287222649417853713e-02
1.210612239890490258e+02 1.246976427141775756e-02
1.236079640522673486e+02 1.207965333667366213e-02
1.262082793622560786e+02 1.170152076092563498e-02
1.288632969704605387e+02 1.133500467255886719e-02
1.315741676378739271e+02 1.097975393830195358e-02
1.343420663338116299e+02 1.063542785293809280e-02
1.371681927451785157e+02 1.030169583757118909e-02
1.400537717964437832e+02 9.978237146232677920e-03
1.430000541805629553e+02 9.664740580616596258e-03
1.460083169010602830e+02 9.360904212738545283e-03
1.490798638255203628e+02 9.066435115314769311e-03
1.522160262507237292e+02 8.781049099664130220e-03
1.554181634796656795e+02 8.504470460939670198e-03
1.586876634107187840e+02 8.236431730499260695e-03
1.620259431391902467e+02 7.976673435230261650e-03
1.654344495715269545e+02 7.724943863647405068e-03
1.689146600524518362e+02 7.480998838585106725e-03
1.724680830052826934e+02 7.244601496312370360e-03
1.760962585857283500e+02 7.015522176256188194e-03
1.798007593494386072e+02 6.793537795859833431e-03
1.835831909335900036e+02 6.578432271628248049e-03
1.874451927528209580e+02 6.369995800376245139e-03
1.913884387097961906e+02 6.168025198314851243e-03
1.954146379207263635e+02 5.972323076423545311e-03
1.995255354561505499e+02 5.782698085010593361e-03
2.037229130972954465e+02 5.598964632373067650e-03
2.080085901083527631e+02 5.420942714530118008e-03
2.123844240250032556e+02 5.248457749849708143e-03
2.168523114595202514e+02 5.081340418435627455e-03
2.214141889228227740e+02 4.919426506143693111e-03
2.260720336638089805e+02 4.762556753101163283e-03
2.308278645263553130e+02 4.610576706604645365e-03
2.356837428243442503e+02 4.463336578276114533e-03
2.406417732350906533e+02 4.320691105359555050e-03
2.457041047115768322e+02 4.182499416042762853e-03
2.508729314138640234e+02 4.048624898693321816e-03
2.561504936601071449e+02 3.918935074899033283e-03
2.615390788975763599e+02 3.793301476206934354e-03
2.670410226940953748e+02 3.671599524457622513e-03
2.726587097503518748e+02 3.553708415613535381e-03
2.783945749334881157e+02 3.439511006983698906e-03
2.842511043324453226e+02 3.328893707748777856e-03
2.902308363355099914e+02 3.221746372693525071e-03
2.963363627305171235e+02 3.117962199056223491e-03
3.025703298282091396e+02 3.017437626406398090e-03
3.089354396092269894e+02 2.920072239465136641e-03
3.154344508952173101e+02 2.825768673784555696e-03
3.220701805445953028e+02 2.734432524204508542e-03
3.288455046734433722e+02 2.645972256007910091e-03
3.357633599021060036e+02 2.560299118697101448e-03
3.428267446280100330e+02 2.477327062316445061e-03
3.500387203252462882e+02 2.396972656248327633e-03
3.574024128715121833e+02 2.319155010411133155e-03
3.649210139029466404e+02 2.243795698790651029e-03
3.725977821974814219e+02 2.170818685237276783e-03
3.804360450872937918e+02 2.100150251463877345e-03
3.884391999009588972e+02 2.031718927180853427e-03
3.966107154359540914e+02 1.965455422306367460e-03
4.049541334621405895e+02 1.901292561191752963e-03
4.134730702568568290e+02 1.839165218803814721e-03
4.221712181723303843e+02 1.779010258806867787e-03
4.310523472360380310e+02 1.720766473489673126e-03
4.401203067847487205e+02 1.664374525483260786e-03
4.493790271329426105e+02 1.609776891217568756e-03
4.588325212763095919e+02 1.556917806066275469e-03
4.684848866311119195e+02 1.505743211130235182e-03
4.783403068101089275e+02 1.456200701611920631e-03
4.884030534358609543e+02 1.408239476734021766e-03
4.986774879921792376e+02 1.361810291157063927e-03
5.091680637145066726e+02 1.316865407852131371e-03
5.198793275200839616e+02 1.273358552385793832e-03
5.308159219787205529e+02 1.231244868575811580e-03
5.419825873250035784e+02 1.190480875477343235e-03
5.533841635128684402e+02 1.151024425660267941e-03
5.650255923133593114e+02 1.112834664739781928e-03
5.769119194565408861e+02 1.075871992123088924e-03
5.890482968184702486e+02 1.040098022936334840e-03
6.014399846541518855e+02 1.005475551096957163e-03
6.140923538775020916e+02 9.719685134973791952e-04
6.270108883892410176e+02 9.395419555721918042e-04
6.402011874537798803e+02 9.081619963978283892e-04
6.536689681261112810e+02 8.777957978156107838e-04
6.674200677297295670e+02 8.484124389809582405e-04
6.814604463867024151e+02 8.199793114724965347e-04
6.957961896009678640e+02 7.924674770505269437e-04
7.104335108959464833e+02 7.658480721657819935e-04
7.253787545076849028e+02 7.400935827299400839e-04
7.406383981346091332e+02 7.151721140338816512e-04
7.562190557451542645e+02 6.910609058500863074e-04
7.721274804444580013e+02 6.677391882724353868e-04
7.883705674013287990e+02 6.451765429361022361e-04
8.049553568368359038e+02 6.233498019069456161e-04
8.218890370757208075e+02 6.022358488320405821e-04
8.391789476620338064e+02 5.818121802495077217e-04
8.568325825403134104e+02 5.620569603828427102e-04
8.748575933036578363e+02 5.429490183776058965e-04
8.932617925101543506e+02 5.244678337169872981e-04
9.120531570690787930e+02 5.065935186063269969e-04
9.312398316982915958e+02 4.893067996554970999e-04
9.508301324544219142e+02 4.725889996108232293e-04
9.708325503372604999e+02 4.564220194114960668e-04
9.912557549700130721e+02 4.407883206773271492e-04
1.012108598356977495e+03 4.256709086686605065e-04
1.033400118720228875e+03 4.110533157307862790e-04
1.055139544417076650e+03 3.969195852220832221e-04
1.077336297939872566e+03 3.832542559190025427e-04
1.099999999999999773e+03 3.700423468878129133e-04
